# 1629 starts of magnitude Vmag<5  from http://vizier.u-strasbg.fr/viz-bin/VizieR-4
# :set tabstop=21
# id	RAJ2000	DEJ2000	name	Vmag
1248	00 01 35.704	-77 03 56.61	the Oct	4.790
805	00 01 57.619	-06 00 50.66	30    Psc	4.400
962	00 03 44.390	-17 20 09.56	2    Cet	4.550
1498	00 04 30.119	-10 30 34.28	3    Cet	4.940
1025	00 05 20.141	-05 42 27.43	33    Psc	4.620
54	00 08 23.259	+29 05 25.56	21alp And	2.060
76	00 09 10.685	+59 08 59.21	11bet Cas	2.280
460	00 09 24.642	-45 44 50.73	eps Phe	3.880
1432	00 11 15.857	-15 28 04.72	6    Cet	4.900
136	00 13 14.153	+15 11 00.95	88gam Peg	2.830
1266	00 14 36.165	+20 12 24.13	89chi Peg	4.800
860	00 14 38.416	-18 55 58.32	7    Cet	4.460
1026	00 17 05.498	+38 40 53.89	24the And	4.620
913	00 18 19.657	+36 47 06.81	25sig And	4.510
304	00 19 25.675	-08 49 26.12	8iot Cet	3.550
645	00 20 04.260	-64 52 29.25	zet Tuc	4.230
134	00 25 45.072	-77 15 15.28	bet Hyi	2.820
493	00 26 12.202	-43 40 47.39	kap Phe	3.950
86	00 26 17.051	-42 18 21.53	alp Phe	2.400
1383	00 27 55.698	-33 00 25.80	eta Scl	4.870
1205	00 31 24.981	-48 48 12.65	lam1Phe	4.760
751	00 31 32.667	-62 57 29.58	bet1Tuc	4.340
914	00 31 33.468	-62 57 56.02	bet2Tuc	4.510
1173	00 31 46.359	+54 31 20.24	14lam Cas	4.740
628	00 32 59.992	+62 55 54.42	15kap Cas	4.190
767	00 36 52.850	+33 43 09.64	29pi  And	4.350
354	00 36 58.285	+53 53 48.87	17zet Cas	3.680
768	00 38 33.346	+29 18 42.30	30eps And	4.350
228	00 39 19.676	+30 51 39.69	31del And	3.270
74	00 40 30.441	+56 32 14.39	18alp Cas	2.250
1001	00 41 19.552	-46 05 06.02	mu  Phe	4.600
1281	00 42 03.896	+50 30 45.09	19xi  Cas	4.810
785	00 43 21.238	-57 27 47.02	eta Phe	4.370
1534	00 43 28.070	+47 01 28.37	20pi  Cas	4.960
53	00 43 35.371	-17 59 11.78	16bet Cet	2.050
1220	00 44 11.401	-10 36 34.38	17phi1Cet	4.770
884	00 44 43.518	+48 17 03.71	22omi Cas	4.480
575	00 47 20.325	+24 16 01.84	34zet And	4.090
824	00 48 40.944	+07 35 06.28	63del Psc	4.420
1445	00 48 50.021	+50 58 05.40	25nu  Cas	4.910
273	00 49 06.291	+57 48 54.67	24eta Cas	3.450
952	00 49 48.847	+41 04 44.08	35nu  And	4.540
1206	00 53 00.494	-01 08 39.34	20    Cet	4.760
1267	00 53 04.197	+61 07 26.29	no-name	4.800
1300	00 55 00.157	+58 58 21.71	26ups1Cas	4.820
1039	00 56 39.905	+59 10 51.80	28ups2Cas	4.630
65	00 56 42.532	+60 43 00.26	27gam Cas	2.180
453	00 56 45.212	+38 29 57.64	37mu  And	3.870
806	00 57 12.400	+23 25 03.53	38eta And	4.400
724	00 58 36.361	-29 21 26.82	alp Scl	4.310
695	01 02 56.608	+07 53 24.49	71eps Psc	4.280
236	01 06 05.047	-46 43 06.29	bet Phe	3.320
513	01 08 23.082	-55 14 44.74	zet Phe	3.980
274	01 08 35.392	-10 10 56.15	31eta Cet	3.460
656	01 08 44.877	+86 15 25.52	no-name	4.240
676	01 09 30.126	+47 14 30.45	42phi And	4.260
58	01 09 43.924	+35 37 14.01	43bet And	2.080
752	01 11 06.162	+55 08 59.64	33the Cas	4.340
1074	01 11 27.220	+21 02 04.74	84chi Psc	4.660
927	01 11 39.637	+30 05 22.70	83tau Psc	4.520
1085	01 13 44.947	+24 35 01.37	85phi Psc	4.670
1547	01 15 11.121	-45 31 53.99	nu  Phe	4.970
665	01 15 46.161	-68 52 33.34	kap Tuc	4.250
1194	01 19 27.995	+27 15 50.61	90ups Psc	4.750
1611	01 20 04.916	+58 13 53.80	34phi Cas	5.000
1384	01 22 20.420	+45 31 43.60	46xi  And	4.870
330	01 24 01.405	-08 10 59.72	45the Cet	3.610
1446	01 25 37.235	-14 35 55.67	46    Cet	4.910
110	01 25 48.952	+60 14 07.02	37del Cas	2.680
1148	01 25 56.022	+68 07 48.04	36psi Cas	4.720
1323	01 27 39.382	+45 24 24.07	48ome And	4.830
269	01 28 21.927	-43 19 05.64	gam Phe	3.440
1340	01 30 11.115	+06 08 37.75	98mu  Psc	4.840
487	01 31 15.105	-49 04 21.73	del Phe	3.940
338	01 31 29.009	+15 20 44.96	99eta Psc	3.630
1113	01 33 55.877	+59 13 55.35	39chi Cas	4.690
580	01 36 47.843	+41 24 19.65	50ups And	4.100
9	01 37 42.847	-57 14 12.33	alp Eri	0.540
320	01 37 59.556	+48 37 41.57	51    And	3.590
1548	01 40 34.817	+40 34 37.38	53tau And	4.970
844	01 41 25.894	+05 29 15.41	106nu  Psc	4.440
1535	01 41 47.143	+42 36 48.13	no-name	4.960
1588	01 42 43.510	-03 41 24.72	no-name	4.990
543	01 43 39.638	+50 41 19.44	phi Per	4.040
283	01 44 04.083	-15 56 14.93	52tau Cet	3.490
686	01 45 23.631	+09 09 27.85	110omi Psc	4.270
1075	01 49 35.103	-10 41 11.08	53chi Cet	4.660
372	01 51 27.634	-10 20 06.14	55zet Cet	3.730
260	01 53 04.908	+29 34 43.78	2alp Tri	3.420
461	01 53 31.814	+19 17 37.87	5gam2Ari	3.880
1048	01 53 31.821	+19 17 45.40	5gam1Ari	4.640
1027	01 53 33.350	+03 11 15.13	111xi  Psc	4.620
833	01 53 38.742	-46 18 09.61	psi Phe	4.430
246	01 54 23.726	+63 40 12.36	45eps Cas	3.350
107	01 54 38.409	+20 48 28.93	6bet Ari	2.660
1114	01 54 56.131	-67 38 50.29	eta2Hyi	4.690
367	01 55 57.472	-51 36 32.03	chi Eri	3.720
1568	01 56 00.026	+68 41 06.87	46ome Cas	4.980
1433	01 56 40.198	-22 31 36.43	56    Cet	4.900
1341	01 57 10.081	-47 23 07.00	no-name	4.840
1221	01 57 55.717	+23 35 45.82	9lam Ari	4.770
146	01 58 46.194	-61 34 11.49	alp Hyi	2.860
519	02 00 00.308	-21 04 40.19	59ups Cet	4.000
928	02 01 57.453	+70 54 25.27	48    Cas	4.520
420	02 02 02.698	+02 45 49.64	113alp Psc	3.820
421	02 02 02.820	+02 45 49.53	113alp Psc	3.820
1612	02 02 18.108	+54 29 15.15	4    Per	5.000
494	02 03 26.105	+72 25 16.66	50    Cas	3.950
64	02 03 53.953	+42 19 47.01	57gam1And	2.170
1342	02 03 54.720	+42 19 51.41	57gam2And	4.840
1127	02 04 29.439	-29 17 48.55	nu  For	4.700
51	02 07 10.407	+23 27 44.72	13alp Ari	2.020
1249	02 08 29.260	+37 51 32.68	58    And	4.790
1569	02 09 25.336	+25 56 23.61	14    Ari	4.980
178	02 09 32.627	+34 59 14.27	4bet Tri	3.020
786	02 12 59.996	+08 50 48.18	65xi 1Cet	4.370
1324	02 13 13.324	+44 13 53.95	60    And	4.830
305	02 16 30.585	-51 30 43.79	phi Eri	3.550
1385	02 17 03.230	+34 13 27.23	8del Tri	4.870
526	02 17 18.867	+33 50 49.90	9gam Tri	4.010
569	02 21 44.943	-68 39 33.91	del Hyi	4.080
1149	02 25 37.423	+50 16 43.07	65    And	4.720
1397	02 25 57.005	-12 17 25.73	72rho Cet	4.880
666	02 26 59.122	-47 42 13.82	kap Eri	4.250
696	02 28 09.543	+08 27 36.19	73xi 2Cet	4.280
1040	02 29 03.946	+67 24 08.91	iot Cas	4.630
49	02 31 49.084	+89 15 50.79	1alp UMi	2.000
1174	02 32 05.228	-15 14 40.84	76sig Cet	4.740
1549	02 33 50.704	-28 13 56.44	ome For	4.970
1398	02 35 52.472	+05 35 35.69	78nu  Cet	4.880
564	02 39 28.957	+00 19 42.64	82del Cet	4.070
1325	02 39 33.835	-11 52 19.79	83eps Cet	4.830
584	02 39 35.361	-68 16 01.01	eps Hyi	4.110
1175	02 39 47.993	-42 53 30.01	no-name	4.740
594	02 40 40.034	-39 51 19.35	iot Eri	4.120
1434	02 42 14.916	+40 11 38.20	12    Per	4.900
276	02 43 18.039	+03 14 08.95	86gam Cet	3.470
1062	02 43 27.113	+27 42 25.73	35    Ari	4.650
667	02 44 07.350	-13 51 31.31	89pi  Cet	4.250
585	02 44 11.986	+49 13 42.41	13the Per	4.110
687	02 44 56.542	+10 06 50.92	87mu  Cet	4.270
873	02 45 06.185	-18 34 21.23	1tau1Eri	4.470
1343	02 45 32.635	-67 36 59.82	zet Hyi	4.840
929	02 47 54.541	+29 14 49.62	39    Ari	4.520
861	02 49 05.420	-32 24 21.23	bet For	4.460
336	02 49 59.032	+27 15 37.82	41    Ari	3.620
1176	02 50 28.460	-75 04 01.01	nu  Hyi	4.740
639	02 50 35.060	+38 19 07.12	16    Per	4.220
386	02 50 41.810	+55 53 43.79	15eta Per	3.760
1222	02 51 02.322	-21 00 14.47	2tau2Eri	4.770
963	02 51 30.838	+35 03 35.07	17    Per	4.550
488	02 54 15.461	+52 45 44.92	18tau Per	3.940
471	02 56 25.650	-08 53 53.32	3eta Eri	3.900
214	02 58 15.675	-40 18 16.82	the1Eri	3.220
725	02 58 16.402	-40 18 16.90	the2Eri	4.310
1115	02 58 45.670	+39 39 45.82	22pi  Per	4.690
1570	02 58 47.797	-64 04 16.62	bet Hor	4.980
1499	02 59 03.677	+35 10 59.26	24    Per	4.940
1041	02 59 12.677	+21 20 24.26	48eps Ari	4.630
1042	02 59 12.726	+21 20 25.54	48eps Ari	4.630
1134	02 59 42.902	+08 54 26.51	91lam Cet	4.710
96	03 02 16.772	+04 05 23.04	92alp Cet	2.550
576	03 02 23.500	-23 37 28.10	11tau3Eri	4.090
161	03 04 47.791	+53 30 23.18	23gam Per	2.940
257	03 05 10.593	+38 50 24.99	25rho Per	3.410
1223	03 05 32.411	+56 42 20.59	no-name	4.770
61	03 08 10.132	+40 57 20.33	26bet Per	2.110
551	03 09 04.020	+49 36 47.80	iot Per	4.050
404	03 09 29.772	+44 51 27.16	27kap Per	3.790
1011	03 11 17.382	+39 36 41.70	28ome Per	4.610
769	03 11 37.766	+19 43 36.04	57del Ari	4.350
1344	03 11 56.270	+74 23 37.17	no-name	4.840
409	03 12 04.528	-28 59 15.42	alp For	3.800
1399	03 14 54.096	+21 02 39.99	58zet Ari	4.880
1282	03 15 50.025	-08 49 11.03	13zet Eri	4.810
1386	03 18 22.110	-22 30 40.03	15    Eri	4.870
1301	03 18 43.825	+34 13 21.55	no-name	4.820
1353	03 19 21.696	+03 22 12.71	96kap1Cet	4.850
377	03 19 31.002	-21 45 28.31	16tau4Eri	3.740
677	03 19 55.651	-43 04 11.22	no-name	4.260
1177	03 19 59.273	+65 39 08.25	no-name	4.740
862	03 20 20.361	+29 02 54.45	no-name	4.460
1517	03 21 26.559	+43 19 46.74	32    Per	4.950
36	03 24 19.370	+49 51 40.25	33alp Per	1.810
331	03 24 48.794	+09 01 43.93	1omi Tau	3.610
373	03 27 10.153	+09 43 57.65	2xi  Tau	3.730
1589	03 28 03.070	+49 03 46.32	no-name	4.990
678	03 29 04.134	+59 56 25.19	no-name	4.260
1116	03 29 22.050	+49 30 32.21	34    Per	4.690
1135	03 29 22.678	-62 56 15.10	kap Ret	4.710
1002	03 29 54.744	+58 52 43.50	no-name	4.600
753	03 30 34.484	+47 59 42.78	35sig Per	4.340
1178	03 30 37.058	-05 04 30.52	17    Eri	4.740
599	03 30 52.378	+12 56 12.04	5    Tau	4.130
374	03 32 55.844	-09 27 29.74	18eps Eri	3.730
688	03 33 47.276	-21 37 58.38	19tau5Eri	4.270
732	03 36 29.379	+48 11 33.48	37psi Per	4.320
719	03 36 52.383	+00 24 05.98	10    Tau	4.300
993	03 37 05.680	-40 16 28.36	no-name	4.590
1571	03 42 14.903	-31 56 18.10	del For	4.980
1572	03 42 22.647	+33 57 54.09	40    Per	4.980
994	03 42 50.055	-37 18 48.67	no-name	4.590
179	03 42 55.503	+47 47 15.19	39del Per	3.020
294	03 43 14.902	-09 45 48.22	23del Eri	3.530
428	03 44 11.978	-64 48 24.85	bet Ret	3.840
447	03 44 19.132	+32 17 17.69	38omi Per	3.860
363	03 44 52.537	+24 06 48.02	17    Tau	3.710
397	03 45 11.632	+42 34 42.77	41nu  Per	3.780
720	03 45 12.495	+24 28 02.20	19    Tau	4.300
462	03 45 49.607	+24 22 03.89	20    Tau	3.880
1283	03 46 02.331	+63 20 42.17	no-name	4.810
834	03 46 08.536	-12 06 05.72	26pi  Eri	4.430
619	03 46 19.574	+23 56 54.09	23    Tau	4.170
640	03 46 50.888	-23 14 59.00	27tau6Eri	4.220
223	03 47 14.341	-74 14 20.26	gam Hyi	3.260
148	03 47 29.077	+24 06 18.49	25eta Tau	2.870
1195	03 48 35.879	-37 37 12.56	no-name	4.750
339	03 49 09.743	+24 03 12.30	27    Tau	3.630
620	03 49 27.245	-36 12 00.90	no-name	4.170
825	03 49 31.282	+65 31 33.50	no-name	4.420
1028	03 50 21.509	+71 19 56.16	gam Cam	4.620
1049	03 53 42.703	-24 36 44.03	33tau8Eri	4.640
149	03 54 07.922	+31 53 01.09	44zet Per	2.880
1150	03 54 17.502	-02 57 17.03	32    Eri	4.720
1518	03 57 25.445	+63 04 20.15	no-name	4.950
158	03 57 51.231	+40 00 36.77	45eps Per	2.910
165	03 58 01.766	-13 30 30.65	34gam Eri	2.960
968	03 58 44.749	-61 24 00.67	del Ret	4.560
552	03 58 57.901	+35 47 27.72	46xi  Per	4.050
1043	03 59 55.483	-24 00 58.38	36tau9Eri	4.630
261	04 00 40.816	+12 29 25.25	35lam Tau	3.420
915	04 00 53.807	-62 09 33.42	gam Ret	4.510
1536	04 01 18.152	-61 04 43.76	iot Ret	4.960
472	04 03 09.380	+05 59 21.50	38nu  Tau	3.900
770	04 04 41.716	+22 04 54.93	37    Tau	4.350
697	04 06 35.043	+50 21 04.54	47lam Per	4.280
527	04 08 39.691	+47 42 45.05	48    Per	4.010
1481	04 10 50.589	-41 59 36.89	del Hor	4.930
544	04 11 51.940	-06 50 15.29	38omi1Eri	4.040
1414	04 13 56.385	+09 15 49.77	47    Tau	4.890
448	04 14 00.114	-42 17 39.72	alp Hor	3.860
1435	04 14 23.689	-10 15 22.62	39    Eri	4.900
243	04 14 25.484	-62 28 25.89	alp Ret	3.340
1128	04 14 53.318	+40 29 01.22	52    Per	4.700
611	04 14 53.862	+48 24 33.59	51mu  Per	4.150
835	04 15 16.320	-07 39 10.34	40omi2Eri	4.430
707	04 15 32.057	+08 53 32.48	49mu  Tau	4.290
679	04 16 01.586	-51 29 11.93	gam Dor	4.260
845	04 16 29.029	-59 18 07.76	eps Ret	4.440
1461	04 17 15.661	+20 34 42.93	50ome2Tau	4.920
310	04 17 53.662	-33 47 54.05	41ups4Eri	3.560
1003	04 18 14.618	+50 17 43.81	no-name	4.600
344	04 19 47.604	+15 37 39.51	54gam Tau	3.650
1519	04 20 21.216	+27 21 02.71	52phi Tau	4.950
1482	04 20 24.638	+34 34 00.21	54    Per	4.930
1302	04 21 33.167	+46 29 55.96	53    Per	4.820
387	04 22 56.093	+17 32 33.05	61del1Tau	3.760
499	04 24 02.217	-34 01 00.65	43    Eri	3.960
1268	04 24 05.761	+17 26 38.87	64del2Tau	4.800
632	04 25 22.165	+22 17 37.94	65kap1Tau	4.210
726	04 25 29.384	+17 55 40.48	68del3Tau	4.310
708	04 26 18.464	+22 48 48.90	69ups Tau	4.290
889	04 26 20.741	+15 37 05.75	71    Tau	4.490
1117	04 26 36.372	+14 42 49.61	73pi  Tau	4.690
1550	04 28 26.370	+16 21 34.82	75    Tau	4.970
429	04 28 34.496	+15 57 43.85	77the1Tau	3.840
299	04 28 37.000	+19 10 49.55	74eps Tau	3.540
258	04 28 39.741	+15 52 15.18	78the2Tau	3.410
1224	04 30 33.633	+16 11 38.45	no-name	4.770
1436	04 31 52.667	-00 02 38.44	45    Eri	4.900
916	04 33 30.553	-29 45 59.37	50ups1Eri	4.510
1063	04 33 50.918	+14 50 39.93	86rho Tau	4.650
224	04 33 59.778	-55 02 41.91	alp Dor	3.260
414	04 35 33.039	-30 33 44.43	52ups2Eri	3.810
668	04 35 39.261	+10 09 38.82	88    Tau	4.250
13	04 35 55.239	+16 30 33.48	87alp Tau	0.990
484	04 36 19.142	-03 21 08.85	48nu  Eri	3.930
669	04 36 41.429	+41 15 53.31	58    Per	4.250
689	04 38 09.463	+12 30 39.02	90    Tau	4.270
454	04 38 10.824	-14 18 14.47	53    Eri	3.870
1086	04 39 16.502	+15 55 04.72	92sig2Tau	4.670
754	04 40 26.511	-19 40 17.37	54    Eri	4.340
850	04 40 33.713	-41 51 49.51	alp Cae	4.450
690	04 42 14.701	+22 57 24.94	94tau Tau	4.270
533	04 45 30.151	-03 15 16.77	57mu  Eri	4.020
210	04 49 50.411	+06 57 40.59	1pi 3Ori	3.190
1387	04 49 54.638	+37 29 17.79	no-name	4.870
777	04 50 36.722	+08 54 00.63	2pi 2Ori	4.360
355	04 51 12.364	+05 36 18.37	3pi 4Ori	3.680
1179	04 52 31.962	+14 15 02.31	4omi1Ori	4.740
1236	04 52 37.980	+36 42 11.47	2    Aur	4.780
793	04 52 53.670	-05 27 09.70	61ome Eri	4.380
727	04 54 03.011	+66 20 33.64	9alp Cam	4.310
364	04 54 15.097	+02 26 26.42	8pi 5Ori	3.710
1076	04 54 53.728	+10 09 03.00	7pi 1Ori	4.660
570	04 56 22.274	+13 30 52.08	9omi2Ori	4.080
111	04 56 59.619	+33 09 57.92	3iot Aur	2.680
863	04 57 17.197	+53 45 07.56	7    Cam	4.460
864	04 58 32.902	+01 42 50.46	10pi 6Ori	4.460
1590	04 59 15.410	+37 53 24.88	4ome Aur	4.990
1237	04 59 55.737	-12 32 14.70	64    Eri	4.780
1437	05 01 25.581	-20 03 06.91	no-name	4.900
1250	05 01 26.345	-07 10 26.28	65psi Eri	4.790
181	05 01 58.134	+43 49 23.91	7eps Aur	3.030
388	05 02 28.687	+41 04 33.01	8zet Aur	3.760
1029	05 03 05.747	+21 35 23.86	102iot Tau	4.620
539	05 03 25.090	+60 26 32.08	10bet Cam	4.030
980	05 04 24.402	-35 28 58.72	gam1Cae	4.570
1087	05 04 34.150	+15 24 14.78	11    Ori	4.670
205	05 05 27.664	-22 22 15.72	2eps Lep	3.180
1136	05 05 30.656	-57 28 21.73	zet Dor	4.710
203	05 06 30.893	+41 14 04.11	10eta Aur	3.170
1573	05 06 40.631	+51 35 51.79	9    Aur	4.980
1462	05 07 27.006	+18 38 42.19	104    Tau	4.920
131	05 07 50.985	-05 05 11.21	67bet Eri	2.790
680	05 09 08.783	-08 45 14.69	69lam Eri	4.260
1303	05 09 41.955	+15 35 50.04	15    Ori	4.820
874	05 12 17.902	-11 52 09.19	3iot Lep	4.470
231	05 12 55.901	-16 12 19.69	5mu  Lep	3.290
836	05 13 13.878	-12 56 28.65	4kap Lep	4.430
885	05 13 17.481	+02 51 40.56	17rho Ori	4.480
1326	05 13 25.718	+38 29 04.19	11mu  Aur	4.830
1269	05 13 45.454	-67 11 06.92	the Dor	4.800
7	05 14 32.272	-08 12 05.91	19bet Ori	0.280
1591	05 15 24.393	+32 41 15.36	14    Aur	4.990
5	05 16 41.359	+45 59 52.77	13alp Aur	0.080
1304	05 17 29.090	-34 53 42.75	omi Col	4.820
324	05 17 36.390	-06 50 39.87	20tau Ori	3.600
953	05 18 10.569	+33 22 17.81	16    Aur	4.540
1118	05 19 08.474	+40 05 56.59	15lam Aur	4.690
1520	05 19 16.602	+22 05 47.38	109    Tau	4.950
698	05 19 34.525	-13 10 36.44	6lam Lep	4.280
1180	05 20 26.919	-21 14 23.15	no-name	4.740
1151	05 21 45.748	-00 22 56.88	22    Ori	4.720
1574	05 22 50.000	+03 32 40.03	23    Ori	4.980
603	05 23 56.828	-07 48 29.03	29    Ori	4.140
1613	05 24 25.463	+17 23 00.72	111    Tau	5.000
253	05 24 28.617	-02 23 49.73	28eta Ori	3.390
1592	05 24 39.142	+37 23 07.24	21sig Aur	4.990
1415	05 24 44.827	+01 50 47.20	25psi1Ori	4.890
28	05 25 07.863	+06 20 58.93	24gam Ori	1.660
30	05 26 17.513	+28 36 26.82	112bet Tau	1.680
1012	05 26 50.228	+03 05 44.43	30psi2Ori	4.610
1400	05 27 38.085	+21 56 13.07	114    Tau	4.880
140	05 28 14.723	-20 45 33.99	9bet Lep	2.840
1129	05 29 43.982	-01 05 32.06	31    Ori	4.700
646	05 30 47.052	+05 56 53.30	32    Ori	4.230
455	05 31 12.756	-35 28 13.87	eps Col	3.870
1013	05 31 55.860	-07 18 05.53	36ups Ori	4.610
71	05 32 00.398	-00 17 56.69	34del Ori	2.230
778	05 32 12.751	+18 35 39.24	119    Tau	4.360
1181	05 32 43.673	+32 11 31.28	25chi Aur	4.740
100	05 32 43.816	-17 49 20.24	11alp Lep	2.590
389	05 33 37.518	-62 29 23.37	bet Dor	3.760
815	05 34 49.237	+09 29 22.48	37phi1Ori	4.410
1207	05 35 02.682	-06 00 07.30	no-name	4.760
254	05 35 08.277	+09 56 02.97	39lam Ori	3.390
1004	05 35 23.164	-04 50 18.09	42    Ori	4.600
128	05 35 25.983	-05 54 35.64	44iot Ori	2.780
31	05 36 12.813	-01 12 06.91	46eps Ori	1.720
577	05 36 54.388	+09 17 26.42	40phi2Ori	4.090
169	05 37 38.686	+21 08 33.18	123zet Tau	3.000
410	05 38 44.765	-02 36 00.21	48sig Ori	3.800
1251	05 38 53.083	-07 12 46.18	49    Ori	4.790
954	05 39 11.146	+04 07 17.28	47ome Ori	4.540
108	05 39 38.940	-34 04 26.79	alp Col	2.660
32	05 40 45.527	-01 56 33.26	50zet Ori	1.740
633	05 40 45.571	-01 56 35.59	50zet Ori	4.210
1500	05 40 50.715	-01 07 43.63	no-name	4.940
1345	05 41 17.719	+16 32 02.93	126    Tau	4.840
1438	05 42 28.632	+01 28 28.66	51    Ori	4.900
325	05 44 27.790	-22 26 54.18	13gam Lep	3.600
755	05 44 46.379	-65 44 07.89	del Dor	4.340
306	05 46 57.341	-14 49 19.02	14zet Lep	3.550
449	05 47 17.088	-51 03 59.45	bet Pic	3.860
55	05 47 45.389	-09 40 10.58	53kap Ori	2.060
1416	05 49 00.967	+24 34 03.13	132    Tau	4.890
930	05 49 10.438	+39 10 51.86	29tau Aur	4.520
1401	05 49 32.931	+12 39 04.76	134    Tau	4.880
899	05 49 49.662	-56 09 59.99	gam Pic	4.500
190	05 50 57.593	-35 46 05.91	bet Col	3.110
1164	05 51 02.437	+37 18 20.06	31ups Aur	4.730
398	05 51 19.296	-20 52 44.72	15del Lep	3.780
509	05 51 29.399	+39 08 54.53	32nu  Aur	3.970
1196	05 52 26.439	+01 51 18.48	56    Ori	4.750
1388	05 53 06.881	-33 48 04.90	lam Col	4.870
969	05 53 19.646	+27 36 44.14	136    Tau	4.560
1064	05 54 06.055	-63 05 22.66	no-name	4.650
807	05 54 22.983	+20 16 34.23	54chi1Ori	4.400
1551	05 54 50.782	+55 42 25.01	30xi  Aur	4.970
10	05 55 10.305	+07 24 25.43	58alp Ori	0.570
1537	05 55 29.917	-37 07 14.40	xi  Col	4.960
368	05 56 24.293	-14 10 03.72	16eta Lep	3.720
779	05 57 32.210	-35 16 59.81	gam Col	4.360
1327	05 57 59.656	+25 57 14.08	139    Tau	4.830
489	05 59 08.805	-42 48 54.49	eta Col	3.940
375	05 59 31.637	+54 17 04.76	33del Aur	3.730
42	05 59 31.723	+44 56 50.76	34bet Aur	1.900
106	05 59 43.269	+37 12 45.31	37the Aur	2.650
740	05 59 56.099	+45 56 12.25	35pi  Aur	4.330
941	06 00 03.349	-03 04 27.31	no-name	4.530
1614	06 01 50.422	-10 35 52.55	3    Mon	5.000
600	06 02 22.999	+09 38 50.20	61mu  Ori	4.130
1050	06 03 55.185	+20 08 18.43	62chi2Ori	4.640
623	06 04 07.208	+23 15 47.99	1    Gem	4.180
1552	06 04 59.129	-16 29 03.97	17    Lep	4.970
1088	06 06 09.324	-14 56 06.91	18the Lep	4.670
1615	06 07 31.633	-37 15 10.51	the Col	5.000
826	06 07 34.325	+14 46 06.50	67nu  Ori	4.420
1152	06 10 17.909	-54 58 07.12	del Pic	4.720
865	06 11 56.396	+14 12 31.55	70xi  Ori	4.460
1538	06 12 03.280	+16 07 49.46	69    Ori	4.960
514	06 14 51.333	-06 16 29.19	5gam Mon	3.980
232	06 14 52.657	+22 30 24.48	7eta Gem	3.300
741	06 15 22.689	+29 29 53.07	44kap Aur	4.330
787	06 16 33.136	-35 08 25.87	kap Col	4.370
1225	06 18 50.777	+69 19 11.23	no-name	4.770
851	06 19 37.387	+59 00 39.47	2    Lyn	4.450
1463	06 19 59.600	-02 56 40.17	no-name	4.920
180	06 20 18.793	-30 03 48.12	1zet CMa	3.020
439	06 22 06.828	-33 26 11.04	del Col	3.850
47	06 22 41.985	-17 57 21.30	2bet CMa	1.960
156	06 22 57.627	+22 30 48.91	13mu  Gem	2.900
816	06 23 46.086	+04 35 34.31	8eps Mon	4.410
2	06 23 57.110	-52 41 44.38	alp Car	-0.630
1521	06 24 53.903	+49 17 16.41	46psi1Aur	4.950
875	06 28 10.208	-32 34 48.25	lam CMa	4.470
1051	06 28 49.070	-07 01 59.03	11bet Mon	4.640
604	06 28 57.787	+20 12 43.68	18nu  Gem	4.140
742	06 31 51.367	-23 25 06.32	4xi 1CMa	4.330
917	06 32 54.227	+07 19 58.67	13    Mon	4.510
794	06 34 58.580	-52 58 32.19	no-name	4.380
942	06 35 03.388	-22 57 53.25	5xi 2CMa	4.530
495	06 36 41.037	-19 15 21.16	7nu 2CMa	3.950
52	06 37 42.701	+16 23 57.31	24gam Gem	2.020
206	06 37 45.671	-43 11 45.36	nu  Pup	3.180
837	06 37 53.422	-18 14 14.92	8nu 3CMa	4.430
1305	06 39 16.719	-14 08 44.75	no-name	4.820
1252	06 39 19.826	+42 29 19.96	50psi2Aur	4.790
1089	06 40 58.661	+09 53 44.71	15    Mon	4.670
173	06 43 55.926	+25 07 52.05	27eps Gem	3.010
890	06 43 59.293	+13 13 40.86	30    Gem	4.490
1	06 45 08.917	-16 42 58.02	9alp CMa	-1.440
244	06 45 17.365	+12 53 44.13	31xi  Gem	3.340
1389	06 46 14.132	+59 26 30.01	12    Lyn	4.870
1226	06 47 19.831	+08 02 14.11	17    Mon	4.770
876	06 47 51.649	+02 24 43.77	18    Mon	4.470
219	06 48 11.452	-61 56 29.01	alp Pic	3.250
295	06 49 50.459	-32 30 30.52	13kap CMa	3.530
817	06 49 51.314	-53 37 20.82	no-name	4.410
162	06 49 56.168	-50 36 52.42	tau Pup	2.940
1575	06 50 45.944	+41 46 52.43	58psi7Aur	4.980
1593	06 50 52.353	-34 22 02.35	no-name	4.990
332	06 52 47.338	+33 57 40.51	34the Gem	3.610
1306	06 53 32.907	-20 13 27.31	15    CMa	4.820
430	06 54 07.953	-24 11 03.16	16omi1CMa	3.840
565	06 54 11.398	-12 02 19.06	14the CMa	4.070
1130	06 54 38.636	+13 10 40.18	38    Gem	4.700
1105	06 55 37.431	-20 08 11.39	19pi  CMa	4.680
1553	06 56 06.646	-14 02 36.35	18mu  CMa	4.970
798	06 56 08.225	-17 03 15.27	20iot CMa	4.390
1522	06 56 15.991	-48 43 16.12	no-name	4.950
780	06 57 16.606	+58 25 21.93	15    Lyn	4.360
1439	06 57 37.107	+45 05 38.74	16    Lyn	4.900
23	06 58 37.548	-28 58 19.50	21eps CMa	1.530
955	07 00 04.037	+76 58 38.67	no-name	4.540
277	07 01 43.148	-27 56 05.39	22sig CMa	3.470
1576	07 02 54.777	-04 14 21.23	19    Mon	4.980
183	07 03 01.473	-23 49 59.85	24omi2CMa	3.040
586	07 03 45.493	-15 37 59.83	23gam CMa	4.110
1483	07 03 53.608	-49 35 02.11	no-name	4.930
528	07 04 06.532	+20 34 13.07	43zet Gem	4.010
39	07 08 23.484	-26 23 35.52	25del CMa	1.840
390	07 08 44.866	-70 29 56.15	gam2Vol	3.760
1328	07 08 51.068	-39 39 20.36	no-name	4.830
1464	07 10 13.682	-04 14 13.58	20    Mon	4.920
799	07 11 08.371	+30 14 42.59	46tau Gem	4.390
1417	07 11 39.326	+39 19 13.98	63    Aur	4.890
612	07 11 51.860	-00 29 33.95	22del Mon	4.150
900	07 12 33.626	-46 45 33.50	no-name	4.500
1418	07 13 13.351	-45 10 57.86	no-name	4.890
918	07 13 32.319	-44 38 23.06	no-name	4.510
852	07 14 15.214	-26 21 09.07	27    CMa	4.450
1197	07 14 38.141	-48 16 18.94	no-name	4.750
545	07 14 48.654	-26 46 21.60	28ome CMa	4.040
1090	07 16 34.993	-27 52 52.24	no-name	4.670
1307	07 16 36.834	-23 18 56.14	no-name	4.820
510	07 16 49.824	-67 57 25.75	del Vol	3.970
118	07 17 08.556	-37 05 50.89	pi  Pup	2.710
317	07 18 05.579	+16 32 25.38	54lam Gem	3.580
1137	07 18 18.393	-36 44 02.26	no-name	4.710
1465	07 18 40.379	-24 33 31.32	29    CMa	4.920
808	07 18 42.481	-24 57 15.71	30tau CMa	4.400
300	07 20 07.378	+21 58 56.35	55del Gem	3.540
1554	07 22 13.529	-19 00 59.76	no-name	4.970
89	07 24 05.703	-29 18 11.17	31eta CMa	2.460
1594	07 25 38.897	+09 16 33.95	2eps CMi	4.990
405	07 25 43.596	+27 47 53.09	60iot Gem	3.790
1030	07 26 42.851	+49 12 41.50	21    Lyn	4.620
152	07 27 09.043	+08 17 21.54	3bet CMi	2.890
743	07 28 09.794	+08 55 31.91	4gam CMi	4.330
624	07 29 06.719	+31 47 04.38	62rho Gem	4.180
225	07 29 13.830	-43 18 05.16	sig Pup	3.260
956	07 29 47.783	+12 00 23.63	6    CMi	4.540
1371	07 29 51.413	-23 01 27.43	no-name	4.860
1052	07 30 42.602	-30 57 44.21	no-name	4.640
1419	07 31 04.464	+82 24 41.28	no-name	4.890
1539	07 33 47.963	-14 31 26.01	no-name	4.960
853	07 34 03.181	-22 17 45.84	no-name	4.450
24	07 34 35.863	+31 53 17.79	66alp Gem	1.580
150	07 34 36.100	+31 53 18.57	66alp Gem	2.880
1065	07 35 22.893	-28 22 09.56	no-name	4.650
1484	07 35 39.723	-52 32 01.81	no-name	4.930
566	07 35 55.346	+26 53 44.67	69ups Gem	4.070
943	07 37 22.110	-34 58 06.71	no-name	4.530
1119	07 38 18.046	-25 21 53.30	no-name	4.690
1077	07 38 49.378	-26 48 06.49	36	4.660
854	07 38 49.870	-26 48 13.81	36	4.450
1420	07 39 09.931	+34 35 03.65	71omi Gem	4.890
8	07 39 18.118	+05 13 29.98	10alp CMi	0.400
1346	07 39 27.338	-38 18 28.88	no-name	4.840
1555	07 40 23.211	-15 15 50.11	no-name	4.970
490	07 41 14.832	-09 33 04.07	26alp Mon	3.940
496	07 41 49.261	-72 36 21.95	zet Vol	3.950
1540	07 43 00.416	+58 42 37.30	24    Lyn	4.960
670	07 43 18.727	+28 53 00.64	75sig Gem	4.250
1014	07 43 32.387	-28 24 39.18	1    Pup	4.610
515	07 43 48.469	-28 57 17.37	3    Pup	3.980
313	07 44 26.854	+24 23 52.77	77kap Gem	3.570
337	07 45 15.296	-37 58 06.90	no-name	3.620
16	07 45 18.950	+28 01 34.32	78bet Gem	1.220
1390	07 46 07.447	+18 30 36.16	81    Gem	4.870
901	07 48 05.168	-25 56 13.81	omi Pup	4.500
1120	07 48 20.161	-47 04 39.80	no-name	4.690
587	07 49 14.295	-46 22 23.54	no-name	4.110
241	07 49 17.655	-24 51 35.23	7xi  Pup	3.330
369	07 52 13.035	-40 34 32.83	no-name	3.720
891	07 52 38.646	-38 51 46.12	no-name	4.490
1031	07 53 03.635	-49 36 46.96	no-name	4.620
671	07 53 18.159	-48 06 10.56	no-name	4.250
1577	07 53 29.814	+26 45 56.82	83phi Gem	4.980
275	07 56 46.714	-52 58 56.50	chi Car	3.460
631	07 56 51.540	-22 52 48.43	11    Pup	4.200
1253	07 57 40.106	-30 20 04.45	no-name	4.790
877	07 58 14.437	-49 14 41.68	no-name	4.470
1501	07 59 44.153	-03 40 46.50	27    Mon	4.940
1015	07 59 52.051	-18 23 57.22	no-name	4.610
1284	08 00 19.967	-63 34 02.84	no-name	4.810
1106	08 01 13.335	-01 23 33.39	28    Mon	4.680
800	08 02 15.937	+02 20 04.45	no-name	4.390
1502	08 03 31.080	+27 47 39.60	chi Gem	4.940
68	08 03 35.047	-40 00 11.33	zet Pup	2.220
137	08 07 32.649	-24 18 15.57	15rho Pup	2.830
809	08 07 55.793	-68 37 01.42	eps Vol	4.400
1270	08 08 27.447	+51 30 24.01	27    Lyn	4.800
781	08 08 35.648	-02 59 01.63	29zet Mon	4.360
1198	08 09 00.670	-61 18 08.75	no-name	4.750
810	08 09 01.637	-19 14 42.05	16    Pup	4.400
691	08 09 29.324	-47 20 43.01	gam1Vel	4.270
35	08 09 31.950	-47 20 11.72	gam2Vel	1.790
1153	08 11 16.306	-12 55 37.19	19    Pup	4.720
827	08 11 21.494	-39 37 06.76	no-name	4.420
1208	08 11 25.893	-42 59 14.20	no-name	4.760
1091	08 12 12.726	+17 38 51.97	16zet1Cnc	4.670
1092	08 12 12.809	+17 38 51.63	16zet1Cnc	4.670
1595	08 13 19.968	-15 47 17.60	20    Pup	4.990
1238	08 13 29.517	-35 53 58.26	no-name	4.780
838	08 14 02.921	-40 20 52.40	no-name	4.430
291	08 16 30.921	+09 11 07.96	17bet Cnc	3.520
560	08 18 31.550	-76 55 11.00	alp Cha	4.060
855	08 18 33.312	-36 39 33.44	no-name	4.450
756	08 20 38.540	-77 29 04.12	the Cha	4.340
1308	08 21 23.027	-33 03 15.72	no-name	4.820
46	08 22 30.836	-59 30 34.14	eps Car	1.950
1329	08 22 31.693	-48 29 25.37	no-name	4.830
657	08 22 50.110	+43 11 17.27	31    Lyn	4.240
466	08 25 39.632	-03 54 23.12	no-name	3.890
392	08 25 44.195	-66 08 12.80	bet Vol	3.770
247	08 30 15.870	+60 43 05.41	1omi UMa	3.360
1578	08 34 43.597	-49 56 39.13	no-name	4.980
1354	08 35 19.709	-58 00 33.21	no-name	4.850
605	08 37 38.633	-42 59 20.69	no-name	4.140
606	08 37 39.366	+05 42 13.61	4del Hya	4.140
856	08 38 45.438	+03 20 29.17	5sig Hya	4.450
1402	08 39 42.474	-29 33 39.90	zet Pyx	4.880
1556	08 40 01.472	-12 28 31.34	6    Hya	4.970
511	08 40 06.144	-35 18 30.07	bet Pyx	3.970
995	08 40 12.819	+64 19 40.57	4pi 2UMa	4.590
326	08 40 17.585	-52 55 18.79	no-name	3.600
744	08 40 37.027	-59 45 39.61	no-name	4.330
415	08 40 37.570	-46 38 55.48	no-name	3.810
1227	08 41 13.131	-47 19 01.65	no-name	4.770
1391	08 41 43.336	-15 56 36.18	9    Hya	4.870
1330	08 42 25.386	-53 06 50.34	no-name	4.830
709	08 43 13.475	+03 23 55.18	7eta Hya	4.290
1093	08 43 17.146	+21 28 06.60	43gam Cnc	4.670
358	08 43 35.538	-33 11 10.99	alp Pyx	3.690
1053	08 43 40.373	-07 14 01.43	no-name	4.640
561	08 44 23.947	-42 38 57.39	no-name	4.060
485	08 44 41.100	+18 09 15.51	47del Cnc	3.930
45	08 44 42.226	-54 42 31.76	del Vel	1.940
473	08 46 01.644	-46 02 29.50	no-name	3.900
733	08 46 22.538	-13 32 51.79	12    Hya	4.320
534	08 46 41.821	+28 45 35.63	48iot Cnc	4.020
902	08 46 42.549	-56 46 11.19	no-name	4.500
255	08 46 46.511	+06 25 07.71	11eps Hya	3.400
771	08 48 25.971	+05 50 16.12	13rho Hya	4.350
1523	08 49 47.638	-45 18 28.35	no-name	4.950
535	08 50 31.923	-27 42 35.44	gam Pyx	4.020
431	08 55 02.828	-60 38 40.59	no-name	3.840
194	08 55 23.626	+05 56 44.03	16zet Hya	3.120
1403	08 55 31.570	-27 40 54.74	del Pyx	4.880
1138	08 56 19.262	-52 43 24.51	no-name	4.710
1447	08 56 58.418	-59 13 45.62	no-name	4.910
681	08 58 29.222	+11 51 27.72	65alp Cnc	4.260
200	08 59 12.454	+48 02 30.58	9iot UMa	3.140
866	09 00 05.409	-41 15 12.98	no-name	4.460
512	09 00 38.371	+41 46 58.48	no-name	3.970
520	09 02 26.796	-66 23 45.88	alp Vol	4.000
1228	09 02 32.692	+67 37 46.63	8rho UMa	4.770
318	09 03 37.532	+47 09 23.49	12kap UMa	3.580
382	09 04 09.280	-47 05 51.85	no-name	3.750
878	09 05 08.814	-72 36 09.74	no-name	4.470
1094	09 05 38.374	-70 32 18.59	no-name	4.670
1596	09 05 58.367	+05 05 32.34	18ome Hya	4.990
970	09 06 31.767	+38 27 07.97	no-name	4.560
67	09 07 59.759	-43 25 57.32	lam Vel	2.210
1016	09 08 02.881	-25 51 30.73	kap Pyx	4.610
867	09 08 52.256	+51 36 16.73	15    UMa	4.460
1309	09 10 23.546	+67 08 02.46	13sig2UMa	4.820
1054	09 10 55.061	+63 30 49.08	14tau UMa	4.640
267	09 10 58.085	-58 58 00.82	no-name	3.430
500	09 11 16.720	-62 19 01.12	no-name	3.960
29	09 13 11.976	-69 43 01.95	bet Car	1.670
467	09 14 21.859	+02 18 51.41	22the Hya	3.890
1466	09 15 36.709	-38 34 11.79	no-name	4.920
1044	09 15 45.080	-37 24 47.32	no-name	4.630
1310	09 16 11.328	+54 01 18.69	18    UMa	4.820
745	09 16 12.072	-57 32 29.30	no-name	4.330
75	09 17 05.407	-59 16 30.83	iot Car	2.250
422	09 18 50.644	+36 48 09.35	38    Lyn	3.820
1239	09 19 46.382	-11 58 29.47	26    Hya	4.780
1285	09 20 29.018	-09 33 20.50	27    Hya	4.810
1271	09 20 56.812	-62 24 16.68	no-name	4.800
196	09 21 03.301	+34 23 33.22	40alp Lyn	3.130
1139	09 21 29.591	-25 57 55.58	the Pyx	4.710
92	09 22 06.818	-55 00 38.40	kap Vel	2.480
1154	09 23 12.251	-28 50 01.94	lam Pyx	4.720
879	09 24 39.259	+26 10 56.37	1kap Leo	4.470
1165	09 27 18.406	-22 20 37.62	no-name	4.730
48	09 27 35.243	-08 39 30.97	30alp Hya	1.990
1467	09 29 08.898	-02 46 08.27	31tau1Hya	4.920
892	09 29 14.720	-35 57 04.81	eps Ant	4.490
321	09 30 42.000	-40 28 00.37	psi Vel	3.590
202	09 31 13.319	-57 02 03.76	no-name	3.160
345	09 31 31.708	+63 03 42.70	23    UMa	3.650
721	09 31 43.228	+22 58 04.69	4lam Leo	4.300
1557	09 31 56.739	+11 17 59.38	5xi  Leo	4.970
964	09 31 58.928	-01 11 04.79	32tau2Hya	4.550
207	09 32 51.434	+51 40 38.28	25the UMa	3.180
1616	09 33 12.460	-21 06 56.60	no-name	5.000
965	09 34 13.382	+36 23 51.21	10    LMi	4.550
581	09 34 26.650	-59 13 47.11	no-name	4.100
971	09 34 28.860	+69 49 49.23	24    UMa	4.560
886	09 34 49.433	+52 03 05.32	26    UMa	4.480
1286	09 35 03.830	+39 37 17.38	no-name	4.810
757	09 36 49.540	-49 21 18.09	no-name	4.340
682	09 37 05.287	+81 19 34.97	no-name	4.260
1095	09 38 27.288	+04 38 57.45	no-name	4.670
931	09 39 20.999	-61 19 41.02	no-name	4.520
474	09 39 51.362	-01 08 34.12	35iot Hya	3.900
296	09 41 09.033	+09 53 32.31	14omi Leo	3.530
1229	09 41 17.007	-23 35 29.45	no-name	4.770
1468	09 42 14.417	-23 54 56.05	no-name	4.920
1254	09 44 12.097	-27 46 10.06	the Ant	4.790
359	09 45 14.811	-62 30 28.45	no-name	3.690
166	09 45 51.073	+23 46 27.32	17eps Leo	2.970
174	09 47 06.122	-65 04 19.22	ups Car	3.010
399	09 50 59.358	+59 02 19.45	29ups UMa	3.780
588	09 51 28.694	-14 50 47.77	39ups1Hya	4.110
986	09 51 40.668	-46 32 51.43	no-name	4.580
972	09 52 06.372	+54 03 51.65	30phi UMa	4.560
463	09 52 45.817	+26 00 25.03	24mu  Leo	3.880
1392	09 54 12.319	-25 55 56.44	no-name	4.870
1485	09 54 52.209	-19 00 33.70	no-name	4.930
301	09 56 51.742	-54 34 04.05	phi Vel	3.540
1096	10 00 12.807	+08 02 39.20	29pi  Leo	4.670
1005	10 05 07.470	-13 03 52.65	40ups2Hya	4.600
292	10 07 19.952	+16 45 45.59	30eta Leo	3.520
893	10 07 25.762	+35 14 40.90	21    LMi	4.490
788	10 07 54.271	+09 59 51.03	31    Leo	4.370
887	10 07 56.280	-00 22 17.89	15alp Sex	4.480
22	10 08 22.311	+11 58 01.94	32alp Leo	1.410
1372	10 08 56.240	-51 48 40.54	no-name	4.860
333	10 10 35.278	-12 21 14.70	41lam Hya	3.610
233	10 13 44.218	-70 02 16.45	ome Car	3.300
432	10 14 44.155	-42 07 18.99	no-name	3.840
270	10 16 41.417	+23 25 02.32	36zet Leo	3.440
248	10 17 04.976	-61 19 56.30	no-name	3.370
271	10 17 05.792	+42 54 51.71	33lam UMa	3.440
973	10 19 36.750	-55 01 45.50	no-name	4.560
1240	10 19 44.168	+19 28 15.29	40    Leo	4.780
50	10 19 58.355	+19 50 29.36	41gam1Leo	2.010
278	10 19 58.620	+19 50 26.70	41gam2Leo	3.470
898	10 20 54.796	-56 02 35.59	no-name	4.496
1311	10 22 19.585	-41 38 59.86	no-name	4.820
185	10 22 19.741	+41 29 58.26	34mu  UMa	3.050
1558	10 22 58.145	-66 54 05.39	no-name	4.970
1503	10 24 07.846	+65 33 59.12	no-name	4.940
517	10 24 23.706	-74 01 53.80	no-name	3.990
1166	10 25 54.814	+33 47 46.03	30    LMi	4.730
423	10 26 05.427	-16 50 10.65	42mu  Hya	3.820
692	10 27 09.101	-31 04 04.00	alp Ant	4.270
1107	10 27 24.471	-57 38 19.70	no-name	4.680
426	10 27 52.730	-58 44 21.85	no-name	3.830
634	10 27 52.998	+36 42 25.95	31bet LMi	4.210
1155	10 30 20.128	-71 59 34.05	no-name	4.720
1331	10 30 37.580	+55 58 49.93	36    UMa	4.830
1486	10 31 02.060	-73 13 17.36	no-name	4.930
1440	10 31 21.822	-53 42 55.74	no-name	4.900
249	10 32 01.463	-61 41 07.20	no-name	3.370
440	10 32 48.672	+09 18 23.71	47rho Leo	3.850
1167	10 33 13.888	+40 25 32.02	no-name	4.730
1355	10 35 05.481	+75 42 46.61	no-name	4.850
582	10 35 28.106	-78 36 28.03	gam Cha	4.100
846	10 35 35.298	-57 33 27.49	no-name	4.440
1404	10 37 13.725	-27 24 45.48	no-name	4.880
433	10 37 18.142	-48 13 32.23	no-name	3.840
1469	10 37 33.273	-13 23 04.35	no-name	4.920
1448	10 38 34.953	-16 52 35.66	phi3Hya	4.910
1108	10 38 43.213	+31 58 34.46	37    LMi	4.680
1182	10 38 44.996	-59 10 58.79	no-name	4.740
699	10 39 18.393	-55 36 11.77	no-name	4.280
1209	10 42 14.120	-64 27 59.13	no-name	4.760
123	10 42 57.401	-64 23 40.02	the Car	2.740
1597	10 43 04.040	+69 04 34.37	no-name	4.990
974	10 43 32.290	-60 33 59.83	no-name	4.560
1272	10 44 06.915	-63 57 39.86	no-name	4.800
857	10 45 47.003	-80 32 24.68	del2Cha	4.450
120	10 46 46.178	-49 25 12.92	mu  Vel	2.720
1356	10 46 51.219	-64 23 00.51	no-name	4.850
191	10 49 37.488	-16 11 37.13	nu  Hya	3.110
406	10 53 18.705	+34 12 53.54	46    LMi	3.790
407	10 53 29.656	-58 51 11.42	no-name	3.790
1097	10 53 58.742	+43 11 23.84	45ome UMa	4.670
880	10 55 36.798	+24 44 58.99	54    Leo	4.470
1006	10 56 43.051	-37 08 15.96	iot Ant	4.600
571	10 59 46.465	-18 17 55.62	7alp Crt	4.080
795	11 00 09.264	-42 13 33.09	no-name	4.380
1357	11 00 33.649	+03 37 02.98	58    Leo	4.850
1617	11 00 44.802	+06 06 05.22	59    Leo	5.000
1156	11 01 49.675	-02 29 04.50	61    Leo	4.720
82	11 01 50.477	+56 22 56.74	48bet UMa	2.350
818	11 02 19.775	+20 10 47.43	60    Leo	4.410
38	11 03 43.669	+61 45 03.72	50alp UMa	1.820
1032	11 05 01.027	+07 20 09.63	63chi Leo	4.620
1487	11 05 19.907	-27 17 37.00	chi1Hya	4.930
1017	11 06 32.428	-62 25 26.81	no-name	4.610
482	11 08 35.390	-58 58 30.13	no-name	3.920
170	11 09 39.808	+44 29 54.55	52psi UMa	3.000
868	11 11 39.489	-22 49 33.05	11bet Crt	4.460
1033	11 12 36.013	-60 19 03.45	no-name	4.620
97	11 14 06.501	+20 31 25.38	68del Leo	2.560
242	11 14 14.405	+15 25 46.45	70the Leo	3.330
981	11 15 12.229	+23 05 43.81	72    Leo	4.570
881	11 16 39.701	-03 39 05.76	74phi Leo	4.470
408	11 18 10.949	+31 31 45.61	53xi  UMa	3.790
284	11 18 28.737	+33 05 39.50	54nu  UMa	3.490
1210	11 19 07.901	+38 11 08.00	55    UMa	4.760
314	11 19 20.448	-14 46 42.75	12del Crt	3.570
468	11 21 00.407	-54 29 27.67	pi  Cen	3.890
553	11 21 08.194	+06 01 45.56	77sig Leo	4.050
1598	11 22 49.584	+43 28 57.73	56    UMa	4.990
1618	11 23 12.683	-36 09 53.17	no-name	5.000
501	11 23 55.452	+10 31 46.23	78iot Leo	3.960
1287	11 24 36.591	-10 51 33.56	14eps Crt	4.810
572	11 24 52.924	-17 41 02.44	15gam Crt	4.080
1504	11 27 56.240	+02 51 22.55	84tau Leo	4.940
1211	11 30 18.893	-03 00 12.60	87    Leo	4.760
416	11 31 24.221	+69 19 51.87	1lam Dra	3.810
302	11 33 00.115	-31 51 27.45	xi  Hya	3.540
1034	11 34 45.657	-54 15 50.73	no-name	4.620
195	11 35 46.885	-63 01 11.43	lam Cen	3.120
1121	11 36 40.913	-09 48 08.09	21the Crt	4.690
722	11 36 56.931	-00 49 25.49	91ups Leo	4.300
1131	11 40 12.789	-34 44 40.77	omi Hya	4.700
1505	11 40 53.634	-62 05 24.37	no-name	4.940
1140	11 44 45.775	-18 21 02.44	27zet Crt	4.710
1347	11 45 17.040	+08 15 29.23	2xi  Vir	4.840
340	11 45 36.419	-66 43 43.55	lam Mus	3.630
540	11 45 51.559	+06 31 45.75	3nu  Vir	4.030
360	11 46 03.014	+47 46 45.86	63chi UMa	3.700
589	11 46 30.823	-61 10 42.24	no-name	4.110
1421	11 46 31.072	-40 30 01.27	no-name	4.890
944	11 47 59.136	+20 13 08.15	93    Leo	4.530
1183	11 48 14.535	-66 48 53.68	mu  Mus	4.740
63	11 49 03.578	+14 34 19.42	94bet Leo	2.130
734	11 49 41.064	-63 47 18.52	no-name	4.320
1559	11 49 56.614	-70 13 32.85	no-name	4.970
327	11 50 41.719	+01 45 52.98	5bet Vir	3.600
869	11 51 08.692	-45 10 24.49	no-name	4.460
1506	11 51 51.225	-65 12 21.28	no-name	4.940
710	11 52 54.521	-33 54 29.25	bet Hya	4.290
87	11 53 49.848	+53 41 41.14	64gam UMa	2.430
1449	11 59 37.573	-78 13 18.62	eps Cha	4.910
1078	12 00 52.390	+06 36 51.56	8pi  Vir	4.660
746	12 03 01.501	-63 18 46.55	the1Cru	4.330
1168	12 04 19.216	-63 09 56.56	the2Cru	4.730
595	12 05 12.540	+08 43 58.75	9omi Vir	4.120
607	12 06 52.900	-64 36 49.43	eta Cru	4.140
870	12 08 05.225	-50 39 40.60	no-name	4.460
98	12 08 21.500	-50 43 20.73	del Cen	2.580
546	12 08 24.817	-24 43 43.95	1alp Crv	4.040
175	12 10 07.481	-22 37 11.16	2eps Crv	3.010
502	12 11 39.111	-52 22 06.46	rho Cen	3.960
132	12 15 08.716	-58 44 56.14	del Cru	2.790
234	12 15 25.560	+57 01 57.42	69del UMa	3.300
101	12 15 48.370	-17 32 30.95	4gam Crv	2.590
1488	12 16 20.538	+23 56 43.47	7    Com	4.930
1599	12 16 30.137	+33 03 41.50	no-name	4.990
562	12 17 34.277	-67 57 38.65	eps Mus	4.060
672	12 18 20.824	-79 18 44.06	bet Cha	4.250
554	12 18 26.249	-64 00 11.05	zet Cru	4.050
469	12 19 54.357	-00 40 00.49	15eta Vir	3.890
1560	12 20 20.981	+03 18 45.27	16    Vir	4.970
1169	12 20 43.026	+17 47 34.33	11    Com	4.730
322	12 21 21.609	-60 24 04.13	eps Cru	3.590
1273	12 22 30.312	+25 50 46.18	12    Com	4.800
1212	12 24 01.495	+51 33 44.12	5    CVn	4.760
1470	12 26 24.064	+27 16 05.65	14    Com	4.920
1274	12 26 30.880	-63 07 19.94	no-name	4.800
1312	12 26 31.759	-51 27 02.29	no-name	4.820
18	12 26 35.896	-63 05 56.73	alp1Cru	1.280
25	12 26 36.442	-63 05 58.28	alp2Cru	1.580
758	12 26 56.272	+28 16 06.32	15gam Com	4.340
1541	12 26 59.297	+26 49 32.52	16    Com	4.960
479	12 28 02.382	-50 13 50.29	sig Cen	3.910
167	12 29 51.855	-16 30 55.56	7del Crv	2.970
27	12 31 09.959	-57 06 47.56	gam Cru	1.650
728	12 32 04.227	-16 11 45.63	8eta Crv	4.310
434	12 32 28.015	-72 07 58.76	gam Mus	3.840
470	12 33 28.944	+69 47 17.66	5kap Dra	3.890
673	12 33 44.545	+41 21 26.93	8bet CVn	4.250
109	12 34 23.235	-23 23 48.33	9bet Crv	2.660
1524	12 34 44.013	+70 01 18.37	6    Dra	4.950
1255	12 34 51.081	+22 37 45.33	23    Com	4.790
1600	12 35 07.760	+18 22 37.41	24    Com	4.990
115	12 37 11.018	-69 08 08.03	alp Mus	2.690
441	12 37 42.163	-48 32 28.69	tau Cen	3.850
1066	12 39 14.767	-07 59 44.03	26chi Vir	4.650
1055	12 39 52.530	-39 59 14.29	no-name	4.640
66	12 41 31.039	-48 57 35.60	gam Cen	2.180
287	12 41 39.522	-01 26 57.95	29gam Vir	3.500
124	12 41 39.642	-01 26 57.75	29gam Vir	2.740
1393	12 41 53.057	+10 14 08.25	30rho Vir	4.870
1471	12 41 56.568	-59 41 08.95	no-name	4.920
1079	12 42 35.452	-48 48 47.19	no-name	4.660
1122	12 45 38.052	-60 58 52.75	iot Cru	4.690
186	12 46 16.806	-68 06 29.23	bet Mus	3.080
1035	12 46 22.715	-56 29 19.73	no-name	4.620
19	12 47 43.263	-59 41 19.55	bet Cru	1.310
1450	12 50 41.167	-33 59 57.49	no-name	4.910
1489	12 51 41.922	+27 32 26.57	31    Com	4.930
735	12 53 06.906	-48 56 35.93	no-name	4.320
1472	12 53 17.744	+21 14 41.79	35    Com	4.920
693	12 53 26.199	-40 10 43.94	no-name	4.270
33	12 54 01.749	+55 57 35.36	77eps UMa	1.760
1256	12 54 21.163	-09 32 20.38	40psi Vir	4.790
521	12 54 35.625	-57 10 40.53	mu 1Cru	4.000
1018	12 54 39.182	-59 08 48.12	lam Cru	4.610
262	12 55 36.208	+03 23 50.89	43del Vir	3.420
153	12 56 01.667	+38 19 06.17	12alp2CVn	2.890
1199	12 58 55.442	+17 24 34.00	36    Com	4.750
1422	13 00 16.470	+30 47 06.08	37    Com	4.890
1507	13 00 43.700	+56 21 58.82	78    UMa	4.940
141	13 02 10.597	+10 57 32.94	47eps Vir	2.840
334	13 02 16.263	-71 32 55.88	del Mus	3.610
1332	13 03 33.306	-49 31 38.15	xi 1Cen	4.830
1141	13 06 16.704	-48 27 47.84	no-name	4.710
700	13 06 54.639	-49 54 22.49	xi 2Cen	4.280
1241	13 07 10.730	+27 37 29.07	41    Com	4.780
1508	13 09 03.270	-23 07 05.05	45psi Hya	4.940
801	13 09 56.992	-05 32 20.43	51the Vir	4.390
739	13 09 59.277	+17 31 45.95	42alp Com	4.329
674	13 11 52.394	+27 52 41.46	43bet Com	4.250
1358	13 12 03.184	-37 48 10.88	no-name	4.850
996	13 12 17.596	-59 55 14.08	no-name	4.590
1490	13 13 42.942	+40 09 10.39	no-name	4.930
1451	13 14 15.145	-59 06 11.65	no-name	4.910
1242	13 15 14.941	-67 53 40.52	eta Mus	4.780
1359	13 17 13.012	-66 47 00.38	no-name	4.850
1142	13 17 32.541	+40 34 21.39	20    CVn	4.710
1257	13 17 36.283	+05 28 11.53	60sig Vir	4.790
1184	13 18 24.315	-18 18 40.31	61    Vir	4.740
171	13 18 55.297	-23 10 17.44	46gam Hya	3.000
126	13 20 35.818	-36 42 44.26	iot Cen	2.760
945	13 22 37.937	-60 59 18.22	no-name	4.530
69	13 23 55.543	+54 55 31.30	79zet UMa	2.220
450	13 23 56.330	+54 55 18.56	79zet UMa	3.860
946	13 24 00.483	-64 32 08.40	no-name	4.530
14	13 25 11.579	-11 09 40.76	67alp Vir	1.060
522	13 25 13.538	+54 59 16.65	80    UMa	4.000
1200	13 27 27.164	-15 58 24.88	69    Vir	4.750
1561	13 28 25.809	+13 46 43.63	70    Vir	4.970
475	13 31 02.649	-39 24 26.29	no-name	3.900
1132	13 31 57.885	-06 15 20.94	74    Vir	4.700
1473	13 34 07.931	+03 39 32.28	78    Vir	4.920
1098	13 34 27.259	+49 00 57.50	24    CVn	4.670
251	13 34 41.592	-00 35 44.95	79zet Vir	3.380
1509	13 34 47.808	+37 10 56.69	no-name	4.940
1452	13 37 27.628	+36 17 41.63	25    CVn	4.910
77	13 39 53.258	-53 27 59.02	eps Cen	2.280
1045	13 40 44.273	+54 40 53.88	83    UMa	4.630
647	13 45 41.245	-33 02 37.40	1    Cen	4.230
1056	13 46 39.378	-51 25 57.96	no-name	4.640
894	13 47 15.743	+17 27 24.86	4tau Boo	4.490
40	13 47 32.438	+49 18 47.75	85eta UMa	1.860
711	13 49 26.721	-34 27 02.79	2    Cen	4.290
547	13 49 28.641	+15 47 52.46	5ups Boo	4.040
256	13 49 30.277	-41 41 15.75	nu  Cen	3.400
279	13 49 36.989	-42 28 25.43	mu  Cen	3.470
1453	13 49 42.833	+21 15 50.78	6    Boo	4.910
1542	13 49 52.284	-18 08 03.00	89    Vir	4.960
1019	13 51 25.940	+64 43 23.78	10    Dra	4.610
1201	13 51 47.475	+34 26 39.26	no-name	4.750
966	13 51 49.600	-32 59 38.72	3    Cen	4.550
1185	13 53 12.539	-31 55 39.40	4    Cen	4.740
112	13 54 41.079	+18 23 51.78	8eta Boo	2.680
95	13 55 32.386	-47 17 18.15	zet Cen	2.530
1143	13 57 38.884	-63 41 12.10	no-name	4.710
424	13 58 16.266	-42 06 02.71	phi Cen	3.820
451	13 58 40.748	-44 48 12.90	ups1Cen	3.860
658	14 01 38.793	+01 32 40.31	93tau Vir	4.240
759	14 01 43.495	-45 36 12.31	ups2Cen	4.340
11	14 03 49.405	-60 22 22.94	bet Cen	0.640
346	14 04 23.350	+64 22 33.06	11alp Dra	3.650
782	14 06 02.767	-41 10 46.68	chi Cen	4.360
226	14 06 22.297	-26 40 56.50	49pi  Hya	3.260
59	14 06 40.949	-36 22 11.84	5the Cen	2.080
1275	14 08 50.927	+77 32 51.05	4    UMi	4.800
1186	14 09 54.816	-53 26 20.21	no-name	4.740
1313	14 10 23.934	+25 05 30.04	12    Boo	4.820
1510	14 10 50.486	-16 18 07.31	no-name	4.940
1601	14 12 15.804	+02 24 33.96	no-name	4.990
625	14 12 53.746	-10 16 25.33	98kap Vir	4.180
932	14 13 29.008	+51 47 23.87	17kap2Boo	4.520
6	14 15 39.672	+19 10 56.69	16alp Boo	0.160
573	14 16 00.870	-06 00 01.97	99iot Vir	4.080
1202	14 16 09.929	+51 22 02.03	21iot Boo	4.750
626	14 16 23.019	+46 05 17.90	19lam Boo	4.180
1288	14 17 59.820	+35 30 34.22	no-name	4.810
1441	14 18 13.896	-81 00 27.94	eta Aps	4.900
933	14 19 06.592	-13 22 15.94	100lam Vir	4.520
307	14 19 24.222	-46 03 29.13	iot Lup	3.550
1348	14 19 45.235	+16 18 25.01	20    Boo	4.840
772	14 20 19.543	-56 23 11.39	no-name	4.350
555	14 20 33.432	-37 53 07.06	psi Cen	4.050
1243	14 20 42.582	-45 11 13.42	no-name	4.780
1474	14 22 37.070	-58 27 32.82	no-name	4.920
828	14 23 02.239	-39 30 42.55	no-name	4.420
1258	14 23 05.775	-27 45 14.46	51    Hya	4.790
556	14 25 11.796	+51 51 02.68	23the Boo	4.050
975	14 26 08.224	-45 13 17.13	tau1Lup	4.560
773	14 26 10.814	-45 22 45.42	tau2Lup	4.350
729	14 26 55.234	-83 40 04.38	del Oct	4.310
659	14 27 31.543	+75 41 45.57	5    UMi	4.240
1579	14 28 10.427	-29 29 29.89	52    Hya	4.980
1349	14 28 12.138	-02 13 40.65	105phi Vir	4.840
315	14 31 49.790	+30 22 17.17	25rho Boo	3.570
184	14 32 04.672	+38 18 29.71	27gam Boo	3.040
839	14 32 37.056	-50 27 25.77	sig Lup	4.430
882	14 34 40.817	+29 44 42.47	28sig Boo	4.470
81	14 35 30.424	-42 09 28.17	eta Cen	2.340
557	14 37 53.226	-49 25 32.98	rho Lup	4.050
21	14 39 35.080	-60 50 13.76	alp2Cen	1.350
3	14 39 36.495	-60 50 02.31	alp1Cen	-0.010
1373	14 40 43.567	+16 25 05.97	29pi 1Boo	4.860
400	14 41 08.905	+13 43 42.27	30zet Boo	3.780
401	14 41 08.952	+13 43 41.88	30zet Boo	3.780
1374	14 41 38.751	+08 09 42.35	31    Boo	4.860
78	14 41 55.756	-47 23 17.52	alp Lup	2.290
523	14 41 57.591	-37 47 36.59	no-name	4.000
208	14 42 30.419	-64 58 30.50	alp Cir	3.180
456	14 43 03.623	-05 39 29.54	107mu  Vir	3.870
1289	14 43 25.363	+26 31 40.26	34    Boo	4.810
558	14 43 39.440	-35 10 25.16	no-name	4.050
1491	14 44 59.202	-35 11 30.57	no-name	4.930
83	14 44 59.218	+27 04 27.20	36eps Boo	2.350
1007	14 45 14.460	+16 57 51.41	35omi Boo	4.600
376	14 46 14.924	+01 53 34.39	109    Vir	3.730
417	14 47 51.709	-79 02 41.10	alp Aps	3.810
829	14 50 17.310	-27 57 37.33	58    Hya	4.420
56	14 50 42.326	+74 09 19.82	7bet UMi	2.060
125	14 50 52.713	-16 02 30.40	9alp2Lib	2.750
1492	14 51 01.071	-02 17 56.94	11    Lib	4.930
1099	14 51 23.379	+19 06 01.66	37xi  Boo	4.670
747	14 51 38.308	-43 34 31.30	omi Lup	4.330
883	14 57 11.000	-04 20 47.26	16    Lib	4.470
1123	14 57 35.007	+65 55 56.86	no-name	4.690
113	14 58 31.927	-43 08 02.26	bet Lup	2.680
197	14 59 09.684	-42 06 15.07	kap Cen	3.130
1525	15 00 58.349	-08 31 08.19	19del Lib	4.950
281	15 01 56.762	+40 23 26.04	42bet Boo	3.480
1259	15 02 06.508	+25 00 29.30	41ome Boo	4.790
811	15 02 54.037	+02 05 28.69	110    Vir	4.400
1333	15 03 47.304	+47 39 14.62	44    Boo	4.830
230	15 04 04.216	-25 16 55.07	20sig Lib	3.280
919	15 04 26.742	+26 56 51.54	43psi Boo	4.510
480	15 05 07.086	-47 03 04.48	pi  Lup	3.910
1314	15 05 07.236	-47 03 03.83	pi  Lup	4.820
1493	15 07 18.066	+24 52 09.10	45    Boo	4.930
563	15 08 50.618	-45 16 47.50	lam Lup	4.060
452	15 11 56.076	-48 44 16.15	kap1Lup	3.860
976	15 12 13.290	-19 47 30.16	24iot1Lib	4.560
259	15 12 17.095	-52 05 57.29	zet Lup	3.410
1315	15 12 49.588	-44 30 01.49	no-name	4.820
1475	15 14 37.319	-31 31 08.84	1    Lup	4.920
280	15 15 30.163	+33 18 53.40	49del Boo	3.470
102	15 17 00.415	-09 22 58.50	27bet Lib	2.610
567	15 17 30.849	-58 48 04.35	bet Cir	4.070
1360	15 17 38.891	-63 36 37.68	eps Cir	4.850
760	15 17 49.839	-30 08 55.22	2    Lup	4.340
701	15 18 31.942	-47 52 30.37	mu  Lup	4.280
151	15 18 54.582	-68 40 46.36	gam TrA	2.880
182	15 20 43.716	+71 50 02.46	13gam UMi	3.030
215	15 21 22.322	-40 38 51.06	del Lup	3.220
311	15 21 48.370	-36 15 40.95	phi1Lup	3.560
1602	15 22 08.271	-47 55 40.05	nu 1Lup	4.990
252	15 22 40.868	-44 41 22.59	eps Lup	3.380
947	15 23 09.350	-36 51 30.56	phi2Lup	4.530
1476	15 24 11.890	-10 19 20.16	31eps Lib	4.920
723	15 24 29.428	+37 22 37.80	51mu 1Boo	4.300
235	15 24 55.775	+58 57 57.84	12iot Dra	3.300
1020	15 25 20.218	-38 44 01.03	no-name	4.610
350	15 27 49.731	+29 06 20.53	3bet CrB	3.660
1603	15 31 24.929	+77 20 57.67	15the UMi	4.990
1619	15 31 46.982	+40 53 57.60	53nu 2Boo	5.000
617	15 32 55.783	+31 21 32.88	4the CrB	4.160
1021	15 34 10.701	-10 03 52.30	37    Lib	4.610
70	15 34 41.268	+26 42 52.89	5alp CrB	2.220
411	15 34 48.147	+10 32 19.92	13del Ser	3.800
412	15 34 48.172	+10 32 15.92	13del Ser	3.800
129	15 35 08.448	-41 10 00.32	gam Lup	2.780
483	15 35 31.579	-14 47 22.33	38gam Lib	3.920
967	15 35 53.248	-44 57 30.20	no-name	4.550
590	15 36 43.223	-66 19 01.33	eps TrA	4.110
328	15 37 01.450	-28 08 06.29	39ups Lib	3.600
761	15 38 03.205	-42 34 02.45	ome Lup	4.340
351	15 38 39.370	-29 46 39.91	40tau Lib	3.660
1620	15 39 22.673	+36 38 08.92	7zet2CrB	5.000
1080	15 39 45.979	-34 24 42.93	3psi1Lup	4.660
1526	15 40 16.895	-23 49 05.08	42    Lib	4.950
1067	15 41 11.377	-44 39 40.34	no-name	4.650
920	15 41 33.049	+19 40 13.45	21iot Ser	4.510
1203	15 41 56.798	-19 40 43.78	43kap Lib	4.750
1170	15 42 41.020	-34 42 37.47	4psi2Lup	4.730
425	15 42 44.565	+26 17 44.29	8gam CrB	3.820
712	15 44 03.519	+77 47 40.17	16zet UMi	4.290
105	15 44 16.075	+06 25 32.26	24alp Ser	2.630
352	15 46 11.256	+15 25 18.57	28bet Ser	3.660
830	15 46 26.613	+07 21 11.06	27lam Ser	4.420
578	15 48 44.377	+18 08 29.63	35kap Ser	4.090
1008	15 49 35.646	+26 04 06.22	10del CrB	4.600
308	15 49 37.208	-03 25 48.75	32mu  Ser	3.550
365	15 50 48.966	+04 28 39.83	37eps Ser	3.710
503	15 50 57.538	-33 37 37.80	5chi Lup	3.960
1068	15 50 58.745	-25 45 04.66	1    Sco	4.650
1290	15 51 13.932	+35 39 26.57	11kap CrB	4.810
1187	15 51 15.909	+20 58 40.51	38rho Ser	4.740
1022	15 52 40.542	+42 27 05.46	1chi Her	4.610
1100	15 53 36.719	-25 19 37.71	2    Sco	4.670
601	15 53 49.538	-16 43 45.46	46the Lib	4.130
142	15 55 08.562	-63 25 50.62	bet TrA	2.840
442	15 56 27.183	+15 39 41.82	41gam Ser	3.850
464	15 56 53.077	-29 12 50.66	5rho Sco	3.880
608	15 57 35.252	+26 52 40.37	13eps CrB	4.140
1543	15 57 47.441	+54 44 59.15	no-name	4.960
1527	15 58 11.369	-14 16 45.69	48    Lib	4.950
154	15 58 51.113	-26 06 50.78	6pi  Sco	2.890
1604	15 59 30.266	-41 44 39.97	no-name	4.990
268	16 00 07.328	-38 23 48.14	eta Lup	3.430
80	16 00 20.005	-22 37 18.23	7del Sco	2.300
1580	16 01 26.565	+29 51 03.82	14iot CrB	4.980
529	16 01 53.346	+58 33 54.90	13the Dra	4.010
1316	16 02 17.692	+22 48 16.03	44pi  Ser	4.820
1157	16 02 47.898	+46 02 12.14	6ups Her	4.720
1057	16 03 12.897	-49 13 46.90	eta Nor	4.640
1562	16 03 20.623	-25 51 54.87	no-name	4.970
1423	16 03 24.189	-38 36 09.15	no-name	4.890
1081	16 03 32.076	-57 46 30.27	iot1Nor	4.660
648	16 04 22.137	-11 22 22.99	xi  Sco	4.230
104	16 05 26.231	-19 48 19.63	8bet1Sco	2.620
1454	16 05 26.554	-19 48 06.70	8bet2Sco	4.910
1158	16 06 29.438	-45 10 23.47	del Nor	4.720
641	16 06 35.545	-36 48 08.24	the Lup	4.220
497	16 06 48.426	-20 40 09.09	9ome1Sco	3.950
736	16 07 24.327	-20 52 07.55	10ome2Sco	4.320
1621	16 08 04.526	+17 02 49.13	7kap Her	5.000
660	16 08 46.178	+44 56 05.66	11phi Her	4.240
1171	16 08 58.299	+36 29 27.40	16tau CrB	4.730
602	16 11 59.735	-19 27 38.55	14nu  Sco	4.130
1511	16 11 59.989	-10 03 51.31	15psi Sco	4.940
987	16 12 18.205	-27 55 34.94	13    Sco	4.580
1528	16 13 28.729	-54 37 49.68	kap Nor	4.950
121	16 14 20.740	-03 41 39.56	1del Oph	2.730
443	16 15 26.271	-63 41 08.45	del TrA	3.850
1581	16 17 00.934	-50 04 05.24	gam1Nor	4.980
1544	16 17 30.288	+75 45 19.19	21eta UMi	4.960
1260	16 18 17.898	-28 36 50.47	no-name	4.790
218	16 18 19.289	-04 41 33.04	2eps Oph	3.240
476	16 19 44.437	+46 18 48.12	22tau Her	3.900
530	16 19 50.423	-50 09 19.83	gam2Nor	4.010
1188	16 20 20.806	-78 41 44.68	del1Aps	4.740
997	16 20 38.181	-24 10 09.55	19omi Sco	4.590
159	16 21 11.316	-25 35 34.07	20sig Sco	2.910
378	16 21 55.214	+19 09 11.27	20gam Her	3.740
1317	16 22 04.349	+01 01 44.54	50sig Ser	4.820
1361	16 22 05.824	+30 53 31.19	19xi  CrB	4.850
122	16 23 59.486	+61 30 51.17	14eta Dra	2.730
895	16 24 06.184	-20 02 14.38	4psi Oph	4.490
988	16 25 24.953	+14 01 59.77	24ome Her	4.580
982	16 25 35.118	-23 26 49.84	5rho Oph	4.570
683	16 27 01.435	-18 27 22.50	7chi Oph	4.260
948	16 27 11.036	-47 33 17.23	eps Nor	4.530
1058	16 27 48.187	-08 22 18.23	3ups Oph	4.640
1563	16 27 59.014	+68 46 05.29	15    Dra	4.970
1455	16 28 28.144	-70 05 03.84	zet TrA	4.910
1442	16 28 38.548	+41 52 54.04	30    Her	4.900
15	16 29 24.461	-26 25 55.21	21alp Sco	1.070
1261	16 30 12.476	-25 06 54.81	22    Sco	4.790
130	16 30 13.200	+21 29 22.61	27bet Her	2.780
477	16 30 54.823	+01 59 02.12	10lam Oph	3.900
713	16 31 08.368	-16 36 45.84	8phi Oph	4.290
661	16 31 22.933	-34 42 15.72	no-name	4.240
847	16 32 08.199	-21 27 59.00	9ome Oph	4.440
1350	16 32 36.292	+11 29 16.95	29    Her	4.840
457	16 33 27.084	-78 53 49.73	gam Aps	3.870
1477	16 34 05.021	-44 02 43.13	mu  Nor	4.920
635	16 34 06.182	+42 26 13.35	35sig Her	4.210
138	16 35 52.954	-28 12 57.66	23tau Sco	2.830
621	16 36 22.471	-35 15 19.17	no-name	4.170
99	16 37 09.538	-10 34 01.52	13zet Oph	2.580
1405	16 38 44.845	+48 55 42.03	42    Her	4.880
1351	16 40 55.119	+64 35 20.57	18    Dra	4.840
143	16 41 17.160	+31 36 09.81	40zet Her	2.850
1478	16 41 34.383	-17 44 31.80	no-name	4.920
282	16 42 53.765	+38 55 20.12	44eta Her	3.480
649	16 43 04.656	-77 31 02.76	bet Aps	4.230
1362	16 45 17.818	+56 46 54.69	no-name	4.850
642	16 45 58.244	+82 02 14.14	22eps UMi	4.220
43	16 48 39.895	-69 01 39.77	alp TrA	1.910
1318	16 49 14.218	+45 58 59.96	52    Her	4.820
391	16 49 47.156	-59 02 28.96	eta Ara	3.760
1059	16 49 50.029	-10 46 58.80	20    Oph	4.640
79	16 50 09.813	-34 17 35.63	26eps Sco	2.290
172	16 51 52.232	-38 02 50.57	mu 1Sco	3.000
312	16 52 20.144	-38 01 03.13	mu 2Sco	3.560
1230	16 53 59.727	-42 21 43.29	zet1Sco	4.770
789	16 54 00.472	+10 09 55.29	25iot Oph	4.370
335	16 54 35.005	-42 21 40.73	zet2Sco	3.610
1406	16 56 01.690	+65 08 05.26	19    Dra	4.880
211	16 57 40.097	+09 22 30.12	27kap Oph	3.190
192	16 58 37.212	-55 59 24.51	zet Ara	3.110
559	16 59 35.048	-53 09 37.58	eps1Ara	4.050
481	17 00 17.374	+30 55 35.06	58eps Her	3.910
1291	17 01 03.602	-04 13 21.52	30    Oph	4.810
1582	17 03 07.872	+14 05 31.01	no-name	4.980
1375	17 04 49.353	-34 07 22.55	no-name	4.860
1407	17 05 22.691	+12 44 26.98	60    Her	4.880
209	17 08 47.196	+65 42 52.86	22zet Dra	3.180
88	17 10 22.687	-15 43 29.68	35eta Oph	2.430
237	17 12 09.194	-43 14 21.08	eta Sco	3.320
116	17 14 38.858	+14 23 25.20	64alp1Her	2.700
198	17 15 01.911	+24 50 21.13	65del Her	3.130
201	17 15 02.834	+36 48 32.98	67pi  Her	3.140
748	17 15 20.978	-26 36 10.19	36    Oph	4.330
1189	17 16 36.686	-00 26 43.07	41    Oph	4.740
1292	17 17 19.568	+33 06 00.36	68    Her	4.810
1046	17 17 40.255	+37 17 29.39	69    Her	4.630
762	17 20 49.661	-12 50 48.75	53nu  Ser	4.340
802	17 21 00.374	-21 06 46.56	40xi  Oph	4.390
1213	17 21 59.478	-67 46 14.41	zet Aps	4.760
227	17 22 00.578	-24 59 58.36	42the Oph	3.260
921	17 23 40.945	+37 08 45.41	75rho Her	4.510
135	17 25 17.989	-55 31 47.58	bet Ara	2.820
238	17 25 23.659	-56 22 39.82	gam Ara	3.320
618	17 26 22.216	-24 10 31.11	44    Oph	4.160
737	17 26 30.880	+04 08 25.29	49sig Oph	4.320
957	17 26 37.881	-05 05 11.75	no-name	4.540
702	17 27 21.274	-29 52 01.32	45    Oph	4.280
133	17 30 25.962	+52 18 04.99	23bet Dra	2.800
803	17 30 44.310	+26 06 38.32	76lam Her	4.390
114	17 30 45.836	-37 17 44.92	34ups Sco	2.680
329	17 31 05.913	-60 41 01.85	del Ara	3.600
1276	17 31 24.954	-23 57 45.52	51    Oph	4.800
144	17 31 50.493	-49 52 34.12	alp Ara	2.850
1424	17 32 10.570	+55 11 03.27	24nu 1Dra	4.890
774	17 32 13.000	+86 35 11.26	23del UMi	4.350
1376	17 32 16.026	+55 10 22.65	25nu 2Dra	4.860
26	17 33 36.520	-37 06 13.76	35lam Sco	1.630
60	17 34 56.071	+12 33 36.12	55alp Oph	2.090
989	17 35 39.590	-46 30 20.46	1sig Ara	4.580
694	17 36 32.833	-38 38 07.11	no-name	4.270
1244	17 36 57.092	+68 45 28.69	28ome Dra	4.780
41	17 37 19.131	-42 59 52.17	the Sco	1.860
303	17 37 35.202	-15 23 54.81	55xi  Ser	3.540
1036	17 37 50.713	-08 07 07.57	57mu  Oph	4.620
418	17 39 27.886	+46 00 22.80	85iot Her	3.810
1214	17 40 23.826	-49 24 56.11	lam Ara	4.760
662	17 41 24.873	-12 52 31.10	56omi Ser	4.240
983	17 41 56.358	+72 08 55.84	31psi1Dra	4.570
84	17 42 29.275	-39 01 47.94	kap Sco	2.390
1394	17 43 25.794	-21 40 59.50	58    Oph	4.870
127	17 43 28.353	+04 34 02.29	60bet Oph	2.770
323	17 45 43.987	-64 43 25.94	eta Pav	3.590
263	17 46 27.527	+27 43 14.43	86mu  Her	3.420
977	17 47 33.625	-27 49 50.84	3    Sgr	4.560
176	17 47 35.082	-40 07 37.19	iot1Sco	3.010
383	17 47 53.561	+02 42 26.19	62gam Oph	3.750
1293	17 49 10.476	-31 42 11.53	no-name	4.810
212	17 49 51.482	-37 02 35.89	no-name	3.190
1294	17 50 11.113	-40 05 25.57	iot2Sco	4.810
379	17 53 31.730	+56 52 21.51	32xi  Dra	3.740
435	17 56 15.181	+37 15 01.94	91the Her	3.840
72	17 56 36.370	+51 29 20.02	33gam Dra	2.230
1377	17 56 47.423	-44 20 32.09	no-name	4.860
361	17 57 45.886	+29 14 52.37	92xi  Her	3.700
1408	17 57 47.805	-41 42 58.66	no-name	4.880
819	17 58 30.149	+30 11 21.40	94nu  Her	4.410
239	17 59 01.592	-09 46 25.07	64nu  Oph	3.320
1622	17 59 05.282	-30 15 10.89	no-name	5.000
1190	17 59 47.553	-23 48 58.08	4    Sgr	4.740
1101	18 00 03.416	+16 45 03.31	93    Her	4.670
1262	18 00 15.799	+04 22 07.01	66    Oph	4.790
1047	18 00 29.011	-03 41 24.97	57zet Ser	4.630
516	18 00 38.716	+02 55 53.64	67    Oph	3.980
1425	18 01 30.408	+21 35 44.82	95    Her	4.890
848	18 01 45.199	+01 18 18.27	68    Oph	4.440
1231	18 03 04.807	-08 10 48.90	69tau Oph	4.770
1232	18 03 04.920	-08 10 49.26	69tau Oph	4.770
1069	18 05 01.225	-29 34 48.31	gam1Sgr	4.650
541	18 05 27.286	+02 30 00.36	70    Oph	4.030
341	18 05 48.487	-30 25 26.73	10gam2Sgr	3.630
1605	18 06 01.900	+22 13 07.96	98    Her	4.990
353	18 06 37.871	-50 05 29.32	the Ara	3.670
1060	18 07 18.360	+08 44 01.92	71    Oph	4.640
370	18 07 20.984	+09 33 49.85	72    Oph	3.720
436	18 07 32.551	+28 45 44.96	103omi Her	3.840
978	18 08 04.979	-28 27 25.53	no-name	4.560
749	18 08 34.814	-63 40 06.79	pi  Pav	4.330
790	18 08 45.491	+20 48 52.40	102    Her	4.370
934	18 11 13.763	-45 57 15.90	eps Tel	4.520
1545	18 11 43.333	-23 42 04.45	11    Sgr	4.960
1583	18 11 54.157	+31 24 19.26	104    Her	4.980
437	18 13 45.810	-21 03 31.80	13mu  Sgr	3.840
1623	18 13 53.833	+64 23 50.23	36    Dra	5.000
199	18 17 37.635	-36 45 42.07	eta Sgr	3.130
1070	18 18 03.191	-27 02 33.51	no-name	4.650
738	18 19 51.710	+36 03 52.37	1kap Lyr	4.320
1494	18 20 17.915	+21 57 40.67	106    Her	4.930
650	18 20 45.430	+71 20 16.13	43phi Dra	4.230
1363	18 20 52.063	+03 22 37.79	74    Oph	4.850
117	18 20 59.642	-29 49 41.17	19del Sgr	2.700
316	18 21 03.383	+72 43 58.23	44chi Dra	3.570
220	18 21 18.601	-02 53 55.77	58eta Ser	3.250
783	18 23 13.621	-61 29 38.04	xi  Pav	4.360
1102	18 23 39.585	-08 56 03.78	zet Sct	4.670
444	18 23 41.890	+21 46 11.11	109    Her	3.850
37	18 24 10.318	-34 23 04.62	20eps Sgr	1.810
1378	18 25 21.041	-20 32 30.04	21    Sgr	4.860
1334	18 25 59.138	+65 33 48.53	42    Dra	4.830
285	18 26 58.416	-45 58 06.45	alp Tel	3.490
139	18 27 58.241	-25 25 18.12	22lam Sgr	2.830
591	18 28 49.859	-49 04 14.12	zet Tel	4.110
1124	18 29 11.854	-14 33 56.93	gam Sct	4.690
1037	18 31 22.425	-62 16 41.89	nu  Pav	4.620
1495	18 31 45.433	-45 54 53.33	del1Tel	4.930
1245	18 32 34.523	+57 02 44.16	45    Dra	4.780
1038	18 33 30.186	-42 18 45.03	the CrA	4.620
445	18 35 12.427	-08 14 38.66	alp Sct	3.850
4	18 36 56.336	+38 47 01.29	3alp Lyr	0.030
1144	18 42 16.427	-09 03 09.17	del Sct	4.710
531	18 43 02.136	-71 25 41.21	zet Pav	4.010
1443	18 43 31.253	-08 16 30.77	eps Sct	4.900
1379	18 44 19.360	-35 38 31.15	no-name	4.860
763	18 44 46.357	+37 36 18.41	6zet1Lyr	4.340
1246	18 45 26.901	-64 52 16.53	no-name	4.780
204	18 45 39.387	-26 59 26.80	27phi Sgr	3.170
636	18 45 39.725	+20 32 46.71	110    Her	4.210
1335	18 46 04.480	+26 39 43.67	no-name	4.830
775	18 47 01.274	+18 10 53.47	111    Her	4.350
651	18 47 10.473	-04 44 52.32	bet Sct	4.230
293	18 50 04.795	+33 21 45.60	10bet Lyr	3.520
1061	18 51 12.096	+59 23 18.06	47omi Dra	4.640
643	18 52 13.035	-62 11 15.34	lam Pav	4.220
1456	18 53 13.546	+50 42 29.60	no-name	4.910
1364	18 54 10.177	-22 44 41.40	32nu 1Sgr	4.850
1319	18 54 23.855	+71 17 49.89	52ups Dra	4.820
703	18 54 30.284	+36 53 55.01	12del2Lyr	4.280
998	18 54 44.885	+22 38 42.27	113    Her	4.590
1624	18 55 07.142	-22 40 16.78	35nu 2Sgr	5.000
57	18 55 15.926	-26 17 48.20	34sig Sgr	2.070
629	18 55 20.101	+43 56 45.92	13    Lyr	4.190
1023	18 56 13.182	+04 12 12.94	63the1Ser	4.610
1546	18 56 14.644	+04 12 07.68	63the2Ser	4.960
812	18 56 57.029	-67 14 00.58	kap Pav	4.400
1320	18 57 03.670	-05 50 46.73	eta Sct	4.820
297	18 57 43.802	-21 06 23.96	37xi 2Sgr	3.530
1365	18 58 27.766	-52 56 19.06	lam Tel	4.850
1336	18 58 43.377	-37 06 26.48	eps CrA	4.830
221	18 58 56.623	+32 41 22.41	14gam Lyr	3.250
536	18 59 37.357	+15 04 05.87	13eps Aql	4.020
1512	19 00 00.826	+32 08 43.85	15lam Lyr	4.940
537	19 01 40.827	-05 44 20.81	12    Aql	4.020
103	19 02 36.714	-29 52 48.38	38zet Sgr	2.610
1191	19 03 06.876	-42 05 42.38	zet CrA	4.740
393	19 04 40.982	-21 44 29.38	39omi Sgr	3.770
168	19 05 24.608	+13 51 48.52	17zet Aql	2.990
272	19 06 14.938	-04 52 57.20	16lam Aql	3.440
652	19 06 25.110	-37 03 48.37	gam CrA	4.230
1606	19 06 25.207	-37 03 48.73	gam CrA	4.990
240	19 06 56.409	-27 40 13.52	40tau Sgr	3.320
990	19 08 20.970	-40 29 48.13	del CrA	4.580
583	19 09 28.342	-37 54 16.11	alp CrA	4.100
157	19 09 45.833	-21 01 25.01	41pi  Sgr	2.900
592	19 10 01.757	-39 20 26.87	bet CrA	4.110
187	19 12 33.300	+67 39 41.55	57del Dra	3.080
820	19 13 45.488	+39 08 45.49	20eta Lyr	4.410
1625	19 13 55.146	+57 42 18.37	54    Dra	5.000
1395	19 15 32.428	-25 15 24.06	42psi Sgr	4.870
858	19 15 33.056	+73 21 19.68	60tau Dra	4.450
1233	19 16 13.040	+21 23 25.54	1    Vul	4.770
764	19 16 22.095	+38 08 01.43	21the Lyr	4.340
413	19 17 06.169	+53 22 06.45	1kap Cyg	3.800
1409	19 17 38.079	-18 57 10.47	43    Sgr	4.880
1607	19 20 32.905	-05 24 56.76	26    Aql	4.990
999	19 20 40.092	+65 42 52.31	58pi  Dra	4.590
486	19 21 40.359	-17 50 49.91	44rho1Sgr	3.930
991	19 21 43.623	-15 57 18.06	46ups Sgr	4.580
504	19 22 38.293	-44 27 32.27	bet1Sgr	3.960
704	19 23 13.137	-44 47 59.20	bet2Sgr	4.280
505	19 23 53.177	-40 36 57.38	alp Sgr	3.960
1608	19 24 07.579	+29 37 16.82	2    Cyg	4.990
250	19 25 29.901	+03 06 53.19	30del Aql	3.370
1109	19 26 31.089	+00 20 18.85	32nu  Aql	4.680
849	19 28 42.330	+24 39 53.66	6alp Vul	4.440
394	19 29 42.359	+51 43 47.20	10iot2Cyg	3.770
188	19 30 43.281	+27 57 34.85	6bet1Cyg	3.080
1192	19 31 46.322	+34 27 10.69	8    Cyg	4.740
1103	19 32 21.591	+69 39 40.23	61sig Dra	4.670
859	19 34 05.353	+07 22 44.19	38mu  Aql	4.450
1626	19 34 34.896	+19 46 24.25	9    Vul	5.000
1426	19 35 12.988	-48 05 57.13	iot Tel	4.890
903	19 36 26.535	+50 13 15.97	13the Cyg	4.500
1024	19 36 42.433	-24 53 01.04	52    Sgr	4.610
784	19 36 43.278	-01 17 11.76	41iot Aql	4.360
1564	19 36 53.449	-07 01 38.92	39kap Aql	4.970
1110	19 39 22.606	+30 09 11.96	12phi Cyg	4.680
804	19 40 05.792	+18 00 50.01	5alp Sge	4.390
796	19 41 02.939	+17 28 33.75	6bet Sge	4.380
1427	19 44 16.605	+37 21 15.68	15    Cyg	4.890
160	19 44 58.478	+45 07 50.91	18del Cyg	2.910
119	19 46 15.580	+10 36 47.74	50gam Aql	2.710
1410	19 46 21.739	-19 45 40.01	56    Sgr	4.880
1627	19 46 25.600	+33 43 39.35	17    Cyg	5.000
427	19 47 23.260	+18 32 03.41	7del Sge	3.830
438	19 48 10.352	+70 16 04.55	63eps Dra	3.840
12	19 50 46.999	+08 52 05.96	53alp Aql	0.930
1457	19 51 04.108	+22 36 36.17	12    Vul	4.910
458	19 52 28.368	+01 00 20.38	55eta Aql	3.870
1009	19 53 27.695	+24 04 46.61	13    Vul	4.600
1159	19 54 14.882	+08 27 41.23	59xi  Aql	4.720
596	19 55 15.697	-41 52 05.84	iot Sgr	4.120
371	19 55 18.793	+06 24 24.35	60bet Aql	3.720
1458	19 55 37.787	+52 26 20.21	24psi Cyg	4.910
1133	19 55 50.358	-26 17 58.22	58ome Sgr	4.700
1529	19 55 51.762	+38 29 12.14	22    Cyg	4.950
1565	19 55 55.378	+58 50 45.49	no-name	4.970
478	19 56 18.372	+35 05 00.32	21eta Cyg	3.900
949	19 56 56.831	-27 10 11.64	59    Sgr	4.530
289	19 58 45.428	+19 29 31.73	12gam Sge	3.510
1366	19 58 57.199	-26 11 44.76	60    Sgr	4.850
791	19 59 44.179	-35 16 34.70	the1Sgr	4.370
498	20 00 35.553	-72 54 37.81	eps Pav	3.950
1082	20 01 06.048	+27 45 12.86	15    Vul	4.660
896	20 02 39.481	-27 42 35.44	62    Sgr	4.490
922	20 02 49.073	+67 52 24.83	67rho Dra	4.510
1215	20 03 33.459	-37 56 26.51	no-name	4.760
1609	20 04 19.593	-32 03 22.66	no-name	4.990
1479	20 07 23.156	-52 52 50.85	xi  Tel	4.920
309	20 08 43.608	-66 10 55.45	del Pav	3.550
813	20 08 53.347	+77 42 41.11	1kap Cep	4.400
1513	20 09 25.619	+36 50 22.64	28    Cyg	4.940
222	20 11 18.286	-00 49 17.26	65the Aql	3.250
1337	20 13 18.053	+46 48 56.43	30    Cyg	4.830
705	20 13 23.866	+56 34 03.80	33    Cyg	4.280
419	20 13 37.906	+46 44 28.78	31    Cyg	3.810
1530	20 14 16.619	+15 11 51.39	67rho Aql	4.950
1531	20 14 32.033	+36 48 22.69	29    Cyg	4.950
1234	20 15 15.895	+25 35 31.04	no-name	4.770
524	20 15 28.322	+47 42 51.15	32    Cyg	4.000
935	20 15 46.133	+27 48 51.30	23    Vul	4.520
663	20 17 38.869	-12 30 29.56	5alp1Cap	4.240
1263	20 17 47.202	+38 01 58.55	34    Cyg	4.790
319	20 18 03.255	-12 32 41.47	6alp2Cap	3.580
1216	20 20 39.816	-12 45 32.69	8nu  Cap	4.760
189	20 21 00.676	-14 46 52.92	9bet1Cap	3.090
73	20 22 13.702	+40 15 24.04	37gam Cyg	2.230
840	20 23 51.621	+32 11 24.62	39    Cyg	4.430
44	20 25 38.858	-56 44 06.32	alp Pav	1.920
1277	20 28 51.614	-17 48 49.27	11rho Cap	4.800
532	20 29 23.736	+30 22 06.80	41    Cyg	4.010
637	20 29 34.885	+62 59 38.78	2the Cep	4.210
1459	20 29 39.001	-02 53 07.91	69    Aql	4.910
1532	20 30 03.541	+48 57 05.65	45ome1Cyg	4.950
548	20 33 12.771	+11 18 11.75	2eps Del	4.040
1071	20 33 54.188	+35 15 03.06	47    Cyg	4.650
1083	20 35 18.535	+14 40 27.17	4zet Del	4.660
1217	20 35 34.852	-60 34 54.30	phi1Pav	4.760
1428	20 36 43.632	-02 32 59.85	70    Aql	4.890
342	20 37 32.944	+14 35 42.33	6bet Del	3.630
193	20 37 34.032	-47 17 29.41	alp Ind	3.110
1380	20 37 35.312	-61 31 47.71	rho Pav	4.860
730	20 38 20.283	-01 06 18.43	71    Aql	4.310
1295	20 38 31.339	+21 12 04.22	29    Vul	4.810
402	20 39 38.287	+15 54 43.49	9alp Del	3.780
20	20 41 25.915	+45 16 49.22	50alp Cyg	1.330
841	20 43 27.534	+15 04 28.49	11del Del	4.430
936	20 44 02.334	-51 55 15.49	eta Ind	4.520
1480	20 44 52.505	+25 16 14.22	30    Vul	4.920
264	20 44 57.494	-66 12 11.56	bet Pav	3.420
265	20 45 17.375	+61 50 19.61	3eta Cep	3.420
937	20 45 21.128	+57 34 47.01	no-name	4.520
653	20 45 39.754	+30 43 10.97	52    Cyg	4.230
613	20 46 05.733	-25 16 15.23	16psi Cap	4.150
93	20 46 12.683	+33 58 12.92	53eps Cyg	2.490
684	20 46 39.502	+16 07 27.47	12gam2Del	4.260
1496	20 47 10.752	+34 22 26.84	no-name	4.930
984	20 47 24.538	+36 29 26.58	54lam Cyg	4.570
395	20 47 40.551	-09 29 44.79	2eps Aqr	3.770
871	20 47 44.236	-05 01 39.72	3    Aqr	4.460
1381	20 48 56.291	+46 06 50.88	55    Cyg	4.860
1429	20 49 28.961	-46 13 36.57	zet Ind	4.890
1444	20 49 58.082	-33 46 47.00	alp Mic	4.900
593	20 51 49.291	-26 55 08.88	18ome Cap	4.110
985	20 52 07.678	+27 05 49.13	31    Vul	4.570
1160	20 52 39.234	-08 58 59.94	6mu  Aqr	4.720
1264	20 53 14.755	+44 23 14.14	57    Cyg	4.790
1628	20 54 33.637	+28 03 27.44	32    Vul	5.000
347	20 54 48.603	-58 27 14.96	bet Ind	3.650
491	20 57 10.420	+41 10 01.71	58nu  Cyg	3.940
1218	20 59 49.556	+47 31 15.41	59    Cyg	4.760
1104	21 01 17.460	-32 15 27.96	gam Mic	4.670
1367	21 04 24.300	-19 51 17.97	22eta Cap	4.850
366	21 04 55.863	+43 55 40.27	62xi  Cyg	3.710
574	21 05 56.828	-17 13 58.30	23the Cap	4.080
950	21 06 36.094	+47 38 54.25	63    Cyg	4.530
938	21 07 07.668	-25 00 21.07	24    Cap	4.520
923	21 09 35.648	-11 22 18.09	13nu  Aqr	4.510
1145	21 10 20.500	+10 07 53.69	5gam Equ	4.710
213	21 12 56.186	+30 13 36.90	64zet Cyg	3.200
904	21 14 28.815	+10 00 25.06	7del Equ	4.500
380	21 14 47.492	+38 02 43.14	65tau Cyg	3.740
492	21 15 49.432	+05 14 52.24	8alp Equ	3.940
685	21 17 24.953	+39 23 40.85	67sig Cyg	4.260
831	21 17 55.076	+34 53 48.83	66ups Cyg	4.420
1161	21 17 56.285	-32 10 21.14	eps Mic	4.720
90	21 18 34.772	+62 35 08.06	5alp Cep	2.470
905	21 19 51.989	-53 26 57.94	the Ind	4.500
1296	21 20 45.642	-40 48 34.09	the1Mic	4.810
579	21 22 05.200	+19 48 16.23	1    Peg	4.090
714	21 22 14.796	-16 50 04.35	32iot Cap	4.290
654	21 26 26.606	-65 21 58.31	gam Pav	4.230
384	21 26 40.026	-22 24 40.80	34zet Cap	3.750
217	21 28 39.597	+70 33 38.58	8bet Cep	3.230
924	21 28 43.400	-21 48 25.85	36    Cap	4.510
939	21 29 56.895	+23 38 19.82	2    Peg	4.520
155	21 31 33.534	-05 34 16.22	22bet Aqr	2.890
518	21 33 58.853	+45 35 30.61	73rho Cyg	3.990
1396	21 34 46.565	+38 32 02.59	72    Cyg	4.870
940	21 37 04.831	-19 27 57.64	39eps Cap	4.520
1125	21 37 45.109	-07 51 15.12	23xi  Aqr	4.690
1265	21 37 55.224	+62 04 54.98	9    Cep	4.790
356	21 40 05.456	-16 39 44.31	40gam Cap	3.680
381	21 41 28.646	-77 23 24.17	nu  Oct	3.740
958	21 41 55.294	+71 18 41.10	11    Cep	4.540
1111	21 42 05.665	+51 11 22.64	80pi 1Cyg	4.680
1172	21 42 39.507	-18 51 58.76	43kap Cap	4.730
538	21 43 30.461	+58 46 48.17	mu  Cep	4.020
1235	21 44 08.578	+28 44 33.48	78mu 1Cyg	4.770
85	21 44 11.158	+09 52 30.04	8eps Peg	2.390
765	21 44 30.695	+17 21 00.06	9    Peg	4.340
614	21 44 38.740	+25 38 42.11	10kap Peg	4.150
766	21 44 56.810	-33 01 32.81	9iot PsA	4.340
731	21 45 26.926	+61 07 14.90	10nu  Cep	4.310
675	21 46 47.608	+49 18 34.46	81pi 2Cyg	4.250
145	21 47 02.445	-16 07 38.23	49del Cap	2.850
177	21 53 55.725	-37 21 53.47	gam Gru	3.010
821	21 57 55.072	-54 59 33.28	del Ind	4.410
1204	22 03 18.844	-02 09 19.31	31omi Aqr	4.750
1162	22 03 21.657	-56 47 09.51	eps Ind	4.720
814	22 03 47.454	+64 37 40.70	17xi  Cep	4.400
1368	22 05 40.752	+05 03 30.71	22nu  Peg	4.850
163	22 05 47.036	-00 19 11.46	34alp Aqr	2.940
872	22 06 06.885	-39 32 36.07	lam Gru	4.460
715	22 06 26.230	-13 52 10.85	33iot Aqr	4.290
396	22 07 00.666	+25 20 42.40	24iot Peg	3.770
34	22 08 13.986	-46 57 39.51	alp Gru	1.770
906	22 08 23.009	-32 59 18.49	14mu  PsA	4.500
1566	22 08 25.932	-34 02 37.83	ups PsA	4.970
1278	22 09 48.431	+72 20 28.34	24    Cep	4.800
716	22 09 59.244	+33 10 41.61	29pi 2Peg	4.290
1514	22 10 08.780	-32 32 54.26	15tau PsA	4.940
298	22 10 11.985	+06 11 52.31	26the Peg	3.530
245	22 10 51.277	+58 12 04.54	21zet Cep	3.340
907	22 13 52.730	+39 42 53.74	no-name	4.500
627	22 15 02.190	+57 02 36.91	23eps Cep	4.180
1297	22 15 36.923	-41 20 48.11	mu 1Gru	4.810
597	22 15 58.177	+37 44 55.45	1    Lac	4.120
622	22 16 50.036	-07 46 59.85	43the Aqr	4.170
147	22 18 30.094	-60 15 34.52	alp Tuc	2.860
979	22 21 01.547	+46 32 11.65	2    Lac	4.560
1298	22 21 19.339	+28 19 49.91	32    Peg	4.810
1321	22 21 31.075	+12 12 18.67	31    Peg	4.820
446	22 21 39.375	-01 23 14.39	48gam Aqr	3.850
842	22 23 33.624	+52 13 44.57	3bet Lac	4.430
1010	22 24 30.991	+49 28 35.01	4    Lac	4.600
1299	22 25 16.623	+01 22 38.64	52pi  Aqr	4.810
908	22 27 19.968	-64 57 58.88	del Tuc	4.500
1279	22 27 51.522	+04 41 44.39	35    Peg	4.800
348	22 28 49.894	-00 01 13.88	55zet1Aqr	3.650
349	22 28 49.912	-00 01 11.90	55zet2Aqr	3.650
568	22 29 10.266	+58 24 54.72	27del Cep	4.070
506	22 29 16.175	-43 29 44.03	del1Gru	3.960
776	22 29 31.822	+47 42 24.79	5    Lac	4.350
615	22 29 45.433	-43 44 57.20	del2Gru	4.150
951	22 30 29.260	+43 07 24.15	6    Lac	4.530
1338	22 30 38.816	-10 40 40.62	57sig Aqr	4.830
403	22 31 17.501	+50 16 56.97	7alp Lac	3.780
717	22 31 30.331	-32 20 45.86	17bet PsA	4.290
1533	22 33 00.063	-61 58 55.64	nu  Tuc	4.950
549	22 35 21.381	-00 07 02.99	62eta Aqr	4.040
1072	22 37 22.418	+51 32 42.44	9    Lac	4.650
1430	22 39 15.679	+39 03 00.97	10    Lac	4.890
909	22 40 30.859	+44 16 34.70	11    Lac	4.500
630	22 40 39.340	-27 02 37.02	18eps PsA	4.190
266	22 41 27.721	+10 49 52.91	42zet Peg	3.420
1280	22 41 45.408	+29 18 27.51	43omi Peg	4.800
62	22 42 40.051	-46 53 04.48	bet Gru	2.120
164	22 43 00.137	+30 13 16.48	44eta Peg	2.940
1352	22 43 29.977	-41 24 51.65	rho Gru	4.840
1112	22 43 35.233	-18 49 49.35	66    Aqr	4.680
1369	22 45 37.882	-53 30 00.44	eta Gru	4.850
609	22 46 03.508	-81 22 53.82	bet Oct	4.140
507	22 46 31.879	+23 33 56.35	47lam Peg	3.960
638	22 46 41.581	+12 10 22.40	46xi  Peg	4.210
1247	22 47 29.063	+83 09 13.79	no-name	4.780
286	22 48 33.298	-51 19 00.71	eps Gru	3.490
550	22 49 35.502	-13 35 33.48	71tau2Aqr	4.040
288	22 49 40.817	+66 12 01.47	32iot Cep	3.500
290	22 50 00.193	+24 36 05.69	48mu  Peg	3.510
1515	22 52 02.035	+43 18 44.70	15    Lac	4.940
925	22 52 31.535	-32 52 31.82	22gam PsA	4.510
385	22 52 36.876	-07 34 46.56	73lam Aqr	3.750
1126	22 54 24.967	+84 20 46.24	no-name	4.690
229	22 54 39.013	-15 49 14.95	76del Aqr	3.270
1460	22 55 13.673	+08 48 58.20	50rho Peg	4.910
644	22 55 56.900	-32 32 22.66	23del PsA	4.220
1584	22 56 25.999	+49 44 00.76	no-name	4.980
17	22 57 39.047	-29 37 20.05	24alp PsA	1.230
598	23 00 52.812	-52 45 14.89	zet Gru	4.120
343	23 01 55.265	+42 19 33.50	1omi And	3.640
91	23 03 46.458	+28 04 58.04	53bet Peg	2.470
910	23 03 52.614	+03 49 12.16	4bet Psc	4.500
1073	23 04 10.983	+50 03 07.53	3    And	4.650
94	23 04 45.654	+15 12 18.95	54alp Peg	2.490
1370	23 06 36.818	+59 25 11.14	1    Cas	4.850
888	23 06 40.843	-23 44 35.20	86    Aqr	4.480
750	23 06 52.730	-43 31 13.29	the Gru	4.330
959	23 07 00.260	+09 24 34.17	55    Peg	4.540
1219	23 07 06.739	+25 28 05.73	56    Peg	4.760
832	23 07 53.851	+75 23 14.99	33pi  Cep	4.420
357	23 09 26.797	-21 10 20.68	88    Aqr	3.680
1163	23 09 54.904	-22 27 27.42	89    Aqr	4.720
465	23 10 21.538	-45 14 48.16	iot Gru	3.880
960	23 12 33.003	+49 24 22.35	7    And	4.540
655	23 14 19.360	-06 02 56.41	90phi Aqr	4.230
664	23 15 53.495	-09 05 15.85	91psi1Aqr	4.240
1610	23 16 50.940	-07 43 35.41	92chi Aqr	4.997
362	23 17 09.938	+03 16 56.24	6gam Psc	3.700
525	23 17 25.773	-58 14 08.64	gam Tuc	4.000
1339	23 17 44.647	+49 00 55.08	8    And	4.830
822	23 17 54.215	-09 10 57.05	93psi2Aqr	4.410
1382	23 18 37.493	+68 06 41.20	34omi Cep	4.860
823	23 18 49.440	-32 31 55.30	gam Scl	4.410
1000	23 20 38.243	+23 44 25.21	62tau Peg	4.590
508	23 22 58.227	-20 06 02.09	98    Aqr	3.960
1567	23 24 50.262	+62 16 58.10	4    Cas	4.970
843	23 25 22.784	+23 24 14.76	68ups Peg	4.430
792	23 26 02.786	-20 38 31.25	99    Aqr	4.370
1497	23 26 55.955	+01 15 20.19	8kap Psc	4.930
706	23 27 58.095	+06 22 44.37	10the Psc	4.280
961	23 29 09.296	+12 45 37.99	70    Peg	4.540
1431	23 30 01.940	+58 32 56.11	no-name	4.890
797	23 32 58.259	-37 49 05.76	bet Scl	4.380
1146	23 33 16.624	-20 54 52.21	101    Aqr	4.710
1585	23 33 57.188	+31 19 31.00	72    Peg	4.980
1147	23 35 04.564	-42 36 54.27	iot Phe	4.710
459	23 37 33.843	+46 27 29.35	16lam And	3.870
1193	23 37 50.995	-45 29 32.46	no-name	4.740
718	23 38 08.201	+43 16 05.06	17iot And	4.290
216	23 39 20.849	+77 37 56.19	35gam Cep	3.220
1586	23 39 47.068	-14 13 19.84	102ome1Aqr	4.980
610	23 39 57.041	+05 37 34.65	17iot Psc	4.140
616	23 40 24.508	+44 20 02.15	19kap And	4.150
1322	23 41 45.806	-17 48 59.52	104    Aqr	4.820
911	23 42 02.806	+01 46 48.15	18lam Psc	4.500
897	23 42 43.344	-14 32 41.66	105ome2Aqr	4.490
1516	23 43 59.486	+29 21 41.23	78    Peg	4.940
1587	23 46 02.048	+46 25 12.99	20psi And	4.980
1411	23 47 03.455	+58 39 07.16	5tau Cas	4.880
992	23 48 55.546	-28 07 48.96	del Scl	4.580
926	23 54 23.032	+57 29 57.78	7rho Cas	4.510
1629	23 57 35.078	-64 17 53.63	eta Tuc	5.000
1084	23 57 45.526	+25 08 29.04	84psi Peg	4.660
1412	23 58 40.378	-03 33 21.54	27    Psc	4.880
1413	23 59 00.539	+55 45 17.74	8sig Cas	4.880
542	23 59 18.690	+06 51 47.96	28ome Psc	4.030
912	23 59 54.979	-65 34 37.67	eps Tuc	4.500
