# :set tabstop=21
# <TAB> separated fields
# http://vizier.u-strasbg.fr/viz-bin/VizieR-4
# Filter used : Mag < 3    DEC > -20  DEC < 40
# 85 stars to be used for telescope alignment (atmel controller)
#	RA	DEC	Name+Constel	Intensity
28	00 08 23.259	+29 05 25.56 	21alp And 	2.060
65	00 13 14.153	+15 11 00.95 	88gam Peg 	2.830
27	00 43 35.371	-17 59 11.78 	16bet Cet 	2.050
30	01 09 43.924	+35 37 14.01 	43bet And 	2.080
53	01 54 38.409	+20 48 28.93 	6bet Ari 	2.660
34	02 03 53.953	+42 19 47.01 	57gam1And 	2.170
25	02 07 10.407	+23 27 44.72 	13alp Ari 	2.020
44	03 02 16.772	+04 05 23.04 	92alp Cet 	2.550
32	03 08 10.132	+40 57 20.33 	26bet Per 	2.110
19	03 24 19.370	+49 51 40.25 	33alp Per 	1.810
69	03 47 29.077	+24 06 18.49 	25eta Tau 	2.870
70	03 54 07.922	+31 53 01.09 	44zet Per 	2.880
76	03 57 51.231	+40 00 36.77 	45eps Per 	2.910
80	03 58 01.766	-13 30 30.65 	34gam Eri 	2.960
9	04 35 55.239	+16 30 33.48 	87alp Tau 	0.990
54	04 56 59.619	+33 09 57.92 	3iot Aur 	2.680
64	05 07 50.985	-05 05 11.21 	67bet Eri 	2.790
5	05 14 32.272	-08 12 05.91 	19bet Ori 	0.280
3	05 16 41.359	+45 59 52.77 	13alp Aur 	0.080
15	05 25 07.863	+06 20 58.93 	24gam Ori 	1.660
16	05 26 17.513	+28 36 26.82	112bet Tau 	1.680
36	05 32 00.398	-00 17 56.69 	34del Ori 	2.230
47	05 32 43.816	-17 49 20.24 	11alp Lep 	2.590
62	05 35 25.983	-05 54 35.64 	44iot Ori 	2.780
17	05 36 12.813	-01 12 06.91 	46eps Ori 	1.720
84	05 37 38.686	+21 08 33.18	123zet Tau 	3.000
18	05 40 45.527	-01 56 33.26 	50zet Ori 	1.740
29	05 47 45.389	-09 40 10.58 	53kap Ori 	2.060
7	05 55 10.305	+07 24 25.43 	58alp Ori 	0.570
21	05 59 31.723	+44 56 50.76 	34bet Aur 	1.900
52	05 59 43.269	+37 12 45.31 	37the Aur 	2.650
22	06 22 41.985	-17 57 21.30 	2bet CMa 	1.960
75	06 22 57.627	+22 30 48.91 	13mu Gem 	2.900
26	06 37 42.701	+16 23 57.31 	24gam Gem 	2.020
1	06 45 08.917	-16 42 58.02 	9alp CMa	-1.440
72	07 27 09.043	+08 17 21.54 	3bet CMi 	2.890
14	07 34 35.863	+31 53 17.79 	66alp Gem 	1.580
71	07 34 36.100	+31 53 18.57 	66alp Gem 	2.880
6	07 39 18.118	+05 13 29.98 	10alp CMi 	0.400
11	07 45 18.950	+28 01 34.32 	78bet Gem 	1.220
23	09 27 35.243	-08 39 30.97 	30alp Hya 	1.990
81	09 45 51.073	+23 46 27.32 	17eps Leo 	2.970
13	10 08 22.311	+11 58 01.94 	32alp Leo 	1.410
24	10 19 58.355	+19 50 29.36 	41gam1Leo 	2.010
85	11 09 39.808	+44 29 54.55 	52psi UMa 	3.000
45	11 14 06.501	+20 31 25.38 	68del Leo 	2.560
33	11 49 03.578	+14 34 19.42 	94bet Leo 	2.130
48	12 15 48.370	-17 32 30.95 	4gam Crv 	2.590
82	12 29 51.855	-16 30 55.56 	7del Crv 	2.970
59	12 41 39.642	-01 26 57.75 	29gam Vir 	2.740
73	12 56 01.667	+38 19 06.17 	12alp2CVn 	2.890
66	13 02 10.597	+10 57 32.94 	47eps Vir 	2.840
10	13 25 11.579	-11 09 40.76 	67alp Vir 	1.060
20	13 47 32.438	+49 18 47.75 	85eta UMa 	1.860
55	13 54 41.079	+18 23 51.78 	8eta Boo 	2.680
4	14 15 39.672	+19 10 56.69 	16alp Boo 	0.160
38	14 44 59.218	+27 04 27.20 	36eps Boo 	2.350
60	14 50 52.713	-16 02 30.40 	9alp2Lib 	2.750
49	15 17 00.415	-09 22 58.50 	27bet Lib 	2.610
35	15 34 41.268	+26 42 52.89 	5alp CrB 	2.220
51	15 44 16.075	+06 25 32.26 	24alp Ser 	2.630
50	16 05 26.231	-19 48 19.63 	8bet1Sco 	2.620
58	16 14 20.740	-03 41 39.56 	1del Oph 	2.730
63	16 30 13.200	+21 29 22.61 	27bet Her 	2.780
46	16 37 09.538	-10 34 01.52 	13zet Oph 	2.580
67	16 41 17.160	+31 36 09.81 	40zet Her 	2.850
40	17 10 22.687	-15 43 29.68 	35eta Oph 	2.430
56	17 14 38.858	+14 23 25.20 	64alp1Her 	2.700
31	17 34 56.071	+12 33 36.12 	55alp Oph 	2.090
61	17 43 28.353	+04 34 02.29 	60bet Oph 	2.770
2	18 36 56.336	+38 47 01.29 	3alp Lyr 	0.030
83	19 05 24.608	+13 51 48.52 	17zet Aql 	2.990
77	19 44 58.478	+45 07 50.91 	18del Cyg 	2.910
57	19 46 15.580	+10 36 47.74 	50gam Aql 	2.710
8	19 50 46.999	+08 52 05.96 	53alp Aql 	0.930
37	20 22 13.702	+40 15 24.04 	37gam Cyg 	2.230
12	20 41 25.915	+45 16 49.22 	50alp Cyg 	1.330
42	20 46 12.683	+33 58 12.92 	53eps Cyg 	2.490
74	21 31 33.534	-05 34 16.22 	22bet Aqr 	2.890
39	21 44 11.158	+09 52 30.04 	8eps Peg 	2.390
68	21 47 02.445	-16 07 38.23 	49del Cap 	2.850
78	22 05 47.036	-00 19 11.46 	34alp Aqr 	2.940
79	22 43 00.137	+30 13 16.48 	44eta Peg 	2.940
41	23 03 46.458	+28 04 58.04 	53bet Peg 	2.470
43	23 04 45.654	+15 12 18.95 	54alp Peg 	2.490
