# :set tabstop=21
# <TAB> separated fields
# http://vizier.u-strasbg.fr/viz-bin/VizieR-4
#	RA	DEC	Name+Constel	Intensity
54	00 08 23.259	+29 05 25.56 	21alp And 	2.060
76	00 09 10.685	+59 08 59.21 	11bet Cas 	2.280
136	00 13 14.153	+15 11 00.95 	88gam Peg 	2.830
134	00 25 45.072	-77 15 15.28 	bet Hyi 	2.820
86	00 26 17.051	-42 18 21.53 	alp Phe 	2.400
74	00 40 30.441	+56 32 14.39 	18alp Cas 	2.250
53	00 43 35.371	-17 59 11.78 	16bet Cet 	2.050
65	00 56 42.532	+60 43 00.26 	27gam Cas 	2.180
58	01 09 43.924	+35 37 14.01 	43bet And 	2.080
110	01 25 48.952	+60 14 07.02 	37del Cas 	2.680
9	01 37 42.847	-57 14 12.33 	alp Eri 	0.540
107	01 54 38.409	+20 48 28.93 	6bet Ari 	2.660
146	01 58 46.194	-61 34 11.49 	alp Hyi 	2.860
64	02 03 53.953	+42 19 47.01 	57gam1And 	2.170
51	02 07 10.407	+23 27 44.72 	13alp Ari 	2.020
49	02 31 49.084	+89 15 50.79 	1alp UMi 	2.000
96	03 02 16.772	+04 05 23.04 	92alp Cet 	2.550
161	03 04 47.791	+53 30 23.18 	23gam Per 	2.940
61	03 08 10.132	+40 57 20.33 	26bet Per 	2.110
36	03 24 19.370	+49 51 40.25 	33alp Per 	1.810
148	03 47 29.077	+24 06 18.49 	25eta Tau 	2.870
149	03 54 07.922	+31 53 01.09 	44zet Per 	2.880
158	03 57 51.231	+40 00 36.77 	45eps Per 	2.910
165	03 58 01.766	-13 30 30.65 	34gam Eri 	2.960
13	04 35 55.239	+16 30 33.48 	87alp Tau 	0.990
111	04 56 59.619	+33 09 57.92 	3iot Aur 	2.680
131	05 07 50.985	-05 05 11.21 	67bet Eri 	2.790
7	05 14 32.272	-08 12 05.91 	19bet Ori 	0.280
5	05 16 41.359	+45 59 52.77 	13alp Aur 	0.080
28	05 25 07.863	+06 20 58.93 	24gam Ori 	1.660
30	05 26 17.513	+28 36 26.82	112bet Tau 	1.680
140	05 28 14.723	-20 45 33.99 	9bet Lep 	2.840
71	05 32 00.398	-00 17 56.69 	34del Ori 	2.230
100	05 32 43.816	-17 49 20.24 	11alp Lep 	2.590
128	05 35 25.983	-05 54 35.64 	44iot Ori 	2.780
31	05 36 12.813	-01 12 06.91 	46eps Ori 	1.720
169	05 37 38.686	+21 08 33.18	123zet Tau 	3.000
108	05 39 38.940	-34 04 26.79 	alp Col 	2.660
32	05 40 45.527	-01 56 33.26 	50zet Ori 	1.740
55	05 47 45.389	-09 40 10.58 	53kap Ori 	2.060
10	05 55 10.305	+07 24 25.43 	58alp Ori 	0.570
42	05 59 31.723	+44 56 50.76 	34bet Aur 	1.900
106	05 59 43.269	+37 12 45.31 	37the Aur 	2.650
47	06 22 41.985	-17 57 21.30 	2bet CMa 	1.960
156	06 22 57.627	+22 30 48.91 	13mu Gem 	2.900
2	06 23 57.110	-52 41 44.38 	alp Car	-0.630
52	06 37 42.701	+16 23 57.31 	24gam Gem 	2.020
1	06 45 08.917	-16 42 58.02 	9alp CMa	-1.440
162	06 49 56.168	-50 36 52.42 	tau Pup 	2.940
23	06 58 37.548	-28 58 19.50 	21eps CMa 	1.530
39	07 08 23.484	-26 23 35.52 	25del CMa 	1.840
118	07 17 08.556	-37 05 50.89 	pi Pup 	2.710
89	07 24 05.703	-29 18 11.17 	31eta CMa 	2.460
152	07 27 09.043	+08 17 21.54 	3bet CMi 	2.890
24	07 34 35.863	+31 53 17.79 	66alp Gem 	1.580
150	07 34 36.100	+31 53 18.57 	66alp Gem 	2.880
8	07 39 18.118	+05 13 29.98 	10alp CMi 	0.400
16	07 45 18.950	+28 01 34.32 	78bet Gem 	1.220
68	08 03 35.047	-40 00 11.33 	zet Pup 	2.220
137	08 07 32.649	-24 18 15.57 	15rho Pup 	2.830
35	08 09 31.950	-47 20 11.72 	gam2Vel 	1.790
46	08 22 30.836	-59 30 34.14 	eps Car 	1.950
45	08 44 42.226	-54 42 31.76 	del Vel 	1.940
67	09 07 59.759	-43 25 57.32 	lam Vel 	2.210
29	09 13 11.976	-69 43 01.95 	bet Car 	1.670
75	09 17 05.407	-59 16 30.83 	iot Car 	2.250
92	09 22 06.818	-55 00 38.40 	kap Vel 	2.480
48	09 27 35.243	-08 39 30.97 	30alp Hya 	1.990
166	09 45 51.073	+23 46 27.32 	17eps Leo 	2.970
22	10 08 22.311	+11 58 01.94 	32alp Leo 	1.410
50	10 19 58.355	+19 50 29.36 	41gam1Leo 	2.010
123	10 42 57.401	-64 23 40.02 	the Car 	2.740
120	10 46 46.178	-49 25 12.92 	mu Vel 	2.720
82	11 01 50.477	+56 22 56.74 	48bet UMa 	2.350
38	11 03 43.669	+61 45 03.72 	50alp UMa 	1.820
170	11 09 39.808	+44 29 54.55 	52psi UMa 	3.000
97	11 14 06.501	+20 31 25.38 	68del Leo 	2.560
63	11 49 03.578	+14 34 19.42 	94bet Leo 	2.130
87	11 53 49.848	+53 41 41.14 	64gam UMa 	2.430
98	12 08 21.500	-50 43 20.73 	del Cen 	2.580
132	12 15 08.716	-58 44 56.14 	del Cru 	2.790
101	12 15 48.370	-17 32 30.95 	4gam Crv 	2.590
18	12 26 35.896	-63 05 56.73 	alp1Cru 	1.280
25	12 26 36.442	-63 05 58.28 	alp2Cru 	1.580
167	12 29 51.855	-16 30 55.56 	7del Crv 	2.970
27	12 31 09.959	-57 06 47.56 	gam Cru 	1.650
109	12 34 23.235	-23 23 48.33 	9bet Crv 	2.660
115	12 37 11.018	-69 08 08.03 	alp Mus 	2.690
66	12 41 31.039	-48 57 35.60 	gam Cen 	2.180
124	12 41 39.642	-01 26 57.75 	29gam Vir 	2.740
19	12 47 43.263	-59 41 19.55 	bet Cru 	1.310
33	12 54 01.749	+55 57 35.36 	77eps UMa 	1.760
153	12 56 01.667	+38 19 06.17 	12alp2CVn 	2.890
141	13 02 10.597	+10 57 32.94 	47eps Vir 	2.840
171	13 18 55.297	-23 10 17.44 	46gam Hya 	3.000
126	13 20 35.818	-36 42 44.26 	iot Cen 	2.760
69	13 23 55.543	+54 55 31.30 	79zet UMa 	2.220
14	13 25 11.579	-11 09 40.76 	67alp Vir 	1.060
77	13 39 53.258	-53 27 59.02 	eps Cen 	2.280
40	13 47 32.438	+49 18 47.75 	85eta UMa 	1.860
112	13 54 41.079	+18 23 51.78 	8eta Boo 	2.680
95	13 55 32.386	-47 17 18.15 	zet Cen 	2.530
11	14 03 49.405	-60 22 22.94 	bet Cen 	0.640
59	14 06 40.949	-36 22 11.84 	5the Cen 	2.080
6	14 15 39.672	+19 10 56.69 	16alp Boo 	0.160
81	14 35 30.424	-42 09 28.17 	eta Cen 	2.340
21	14 39 35.080	-60 50 13.76 	alp2Cen 	1.350
3	14 39 36.495	-60 50 02.31 	alp1Cen	-0.010
78	14 41 55.756	-47 23 17.52 	alp Lup 	2.290
83	14 44 59.218	+27 04 27.20 	36eps Boo 	2.350
56	14 50 42.326	+74 09 19.82 	7bet UMi 	2.060
125	14 50 52.713	-16 02 30.40 	9alp2Lib 	2.750
113	14 58 31.927	-43 08 02.26 	bet Lup 	2.680
102	15 17 00.415	-09 22 58.50 	27bet Lib 	2.610
151	15 18 54.582	-68 40 46.36 	gam TrA 	2.880
70	15 34 41.268	+26 42 52.89 	5alp CrB 	2.220
129	15 35 08.448	-41 10 00.32 	gam Lup 	2.780
105	15 44 16.075	+06 25 32.26 	24alp Ser 	2.630
142	15 55 08.562	-63 25 50.62 	bet TrA 	2.840
154	15 58 51.113	-26 06 50.78 	6pi Sco 	2.890
80	16 00 20.005	-22 37 18.23 	7del Sco 	2.300
104	16 05 26.231	-19 48 19.63 	8bet1Sco 	2.620
121	16 14 20.740	-03 41 39.56 	1del Oph 	2.730
159	16 21 11.316	-25 35 34.07 	20sig Sco 	2.910
122	16 23 59.486	+61 30 51.17 	14eta Dra 	2.730
15	16 29 24.461	-26 25 55.21 	21alp Sco 	1.070
130	16 30 13.200	+21 29 22.61 	27bet Her 	2.780
138	16 35 52.954	-28 12 57.66 	23tau Sco 	2.830
99	16 37 09.538	-10 34 01.52 	13zet Oph 	2.580
143	16 41 17.160	+31 36 09.81 	40zet Her 	2.850
43	16 48 39.895	-69 01 39.77 	alp TrA 	1.910
79	16 50 09.813	-34 17 35.63 	26eps Sco 	2.290
172	16 51 52.232	-38 02 50.57 	mu 1Sco 	3.000
88	17 10 22.687	-15 43 29.68 	35eta Oph 	2.430
116	17 14 38.858	+14 23 25.20 	64alp1Her 	2.700
135	17 25 17.989	-55 31 47.58 	bet Ara 	2.820
133	17 30 25.962	+52 18 04.99 	23bet Dra 	2.800
114	17 30 45.836	-37 17 44.92 	34ups Sco 	2.680
144	17 31 50.493	-49 52 34.12 	alp Ara 	2.850
26	17 33 36.520	-37 06 13.76 	35lam Sco 	1.630
60	17 34 56.071	+12 33 36.12 	55alp Oph 	2.090
41	17 37 19.131	-42 59 52.17 	the Sco 	1.860
84	17 42 29.275	-39 01 47.94 	kap Sco 	2.390
127	17 43 28.353	+04 34 02.29 	60bet Oph 	2.770
72	17 56 36.370	+51 29 20.02 	33gam Dra 	2.230
117	18 20 59.642	-29 49 41.17 	19del Sgr 	2.700
37	18 24 10.318	-34 23 04.62 	20eps Sgr 	1.810
139	18 27 58.241	-25 25 18.12 	22lam Sgr 	2.830
4	18 36 56.336	+38 47 01.29 	3alp Lyr 	0.030
57	18 55 15.926	-26 17 48.20 	34sig Sgr 	2.070
103	19 02 36.714	-29 52 48.38 	38zet Sgr 	2.610
168	19 05 24.608	+13 51 48.52 	17zet Aql 	2.990
157	19 09 45.833	-21 01 25.01 	41pi Sgr 	2.900
160	19 44 58.478	+45 07 50.91 	18del Cyg 	2.910
119	19 46 15.580	+10 36 47.74 	50gam Aql 	2.710
12	19 50 46.999	+08 52 05.96 	53alp Aql 	0.930
73	20 22 13.702	+40 15 24.04 	37gam Cyg 	2.230
44	20 25 38.858	-56 44 06.32 	alp Pav 	1.920
20	20 41 25.915	+45 16 49.22 	50alp Cyg 	1.330
93	20 46 12.683	+33 58 12.92 	53eps Cyg 	2.490
90	21 18 34.772	+62 35 08.06 	5alp Cep 	2.470
155	21 31 33.534	-05 34 16.22 	22bet Aqr 	2.890
85	21 44 11.158	+09 52 30.04 	8eps Peg 	2.390
145	21 47 02.445	-16 07 38.23 	49del Cap 	2.850
163	22 05 47.036	-00 19 11.46 	34alp Aqr 	2.940
34	22 08 13.986	-46 57 39.51 	alp Gru 	1.770
147	22 18 30.094	-60 15 34.52 	alp Tuc 	2.860
62	22 42 40.051	-46 53 04.48 	bet Gru 	2.120
164	22 43 00.137	+30 13 16.48 	44eta Peg 	2.940
17	22 57 39.047	-29 37 20.05 	24alp PsA 	1.230
91	23 03 46.458	+28 04 58.04 	53bet Peg 	2.470
94	23 04 45.654	+15 12 18.95 	54alp Peg 	2.490
